15 15
38 51 39 34 21 97 66 35 78 58 94 52 69 59 24 296
72 8 81 85 94 30 75 53 2 38 47 59 59 49 46 208
83 63 45 13 53 89 60 4 60 76 42 44 85 9 86 71
50 44 43 100 63 8 63 33 77 68 23 18 2 1 78 65
83 100 41 57 21 12 25 33 67 98 50 78 13 13 22 487
10 11 82 60 88 29 75 25 78 60 78 43 81 75 11 308
91 28 45 52 55 48 65 8 64 25 75 92 82 1 75 165
13 21 29 58 18 53 52 13 22 71 35 69 16 22 73 288
21 86 73 17 90 64 46 69 6 83 100 17 76 1 35 107
10 13 80 25 70 20 33 8 99 11 18 8 70 40 29 11
39 74 89 90 17 19 43 24 91 78 46 33 37 82 82 433
64 67 43 65 39 42 15 49 13 1 78 5 30 73 82 437
89 6 85 100 12 71 3 22 23 46 23 95 53 23 4 20
19 57 25 74 12 8 33 20 68 43 97 14 7 76 75 74
4 67 71 8 9 90 9 6 47 80 22 34 100 37 54 442
161 40 44 190 128 34 216 30 275 136 239 93 591 206 1029
