20 20
65 61 9 19 44 86 65 98 44 93 56 33 60 84 22 64 67 28 1 75 159
34 94 73 95 54 83 85 59 45 23 92 36 97 80 77 66 4 100 52 48 479
90 42 82 41 87 62 90 56 86 53 64 90 58 4 15 31 28 16 77 21 450
28 72 26 64 62 51 93 66 4 90 19 39 34 62 71 67 20 21 94 4 465
90 35 89 31 1 37 84 47 48 81 68 94 74 85 53 21 14 90 66 3 285
41 14 79 39 63 52 97 86 25 2 29 77 43 18 1 64 61 94 4 99 226
56 99 70 52 78 65 63 72 69 64 94 79 89 70 80 41 47 94 7 10 353
23 45 33 35 96 28 11 35 91 41 29 3 72 5 61 55 37 30 96 86 397
86 59 88 51 4 95 68 74 60 16 58 94 57 30 81 59 97 97 96 53 339
7 26 46 46 26 5 62 78 24 61 99 59 23 67 30 43 26 74 49 31 251
38 40 30 75 1 23 59 90 77 55 14 62 96 3 94 33 26 11 98 73 256
21 49 96 51 34 63 5 64 44 16 34 1 10 56 95 52 70 72 27 49 288
44 62 90 64 94 60 63 22 33 34 34 46 9 17 17 9 55 49 47 3 15
96 68 15 96 71 52 47 55 44 99 23 5 85 74 15 37 13 80 23 3 283
61 23 31 26 80 20 79 81 84 8 3 16 20 72 45 100 75 97 54 38 381
80 45 23 81 33 40 1 83 12 10 97 88 18 71 67 34 10 3 21 53 39
21 100 12 29 77 87 95 86 66 6 84 84 99 89 72 5 41 55 97 22 339
93 59 97 5 64 76 82 46 21 19 88 79 87 8 65 3 48 30 86 100 449
45 46 18 89 11 43 87 99 63 92 65 78 97 30 51 95 2 85 51 11 148
50 84 46 38 97 78 58 58 38 3 35 14 41 35 78 70 22 79 33 51 465
208 101 33 253 73 280 163 304 367 79 273 258 154 302 287 197 280 732 697 1026
