20 20
48 41 11 6 28 16 19 94 82 99 5 55 88 92 39 28 39 48 68 44 305
27 27 69 99 8 66 14 17 15 84 53 12 5 45 82 77 95 80 26 22 287
91 3 32 58 75 59 37 84 91 62 18 51 74 29 80 9 38 22 89 16 106
92 39 34 99 51 64 12 31 100 41 60 37 15 27 85 60 53 79 61 33 253
15 76 28 20 82 60 36 68 64 64 32 56 69 96 16 63 83 89 85 71 239
74 99 95 65 97 16 52 9 47 100 7 45 75 76 56 57 11 32 31 41 296
75 13 97 75 52 43 83 9 83 10 93 100 20 80 38 25 83 77 70 97 440
48 13 76 86 9 59 80 73 77 57 49 36 33 57 81 61 48 40 46 57 276
12 15 4 43 13 38 95 96 83 6 93 17 68 23 12 32 76 81 19 81 181
33 33 7 78 71 95 43 95 81 48 3 15 3 90 73 42 17 22 32 39 61
42 89 15 34 30 35 72 58 16 48 45 19 97 52 33 15 14 2 37 41 191
73 18 24 32 19 60 43 67 20 35 82 66 69 27 1 24 70 55 6 11 141
92 62 61 10 29 57 78 88 71 27 43 97 88 48 11 88 87 55 61 10 374
44 43 73 98 37 28 39 57 99 62 10 41 78 46 45 91 63 51 86 95 303
49 91 49 95 71 20 88 56 9 56 79 67 62 54 60 16 15 28 82 49 377
29 38 44 46 30 95 45 77 9 43 82 78 26 53 25 7 39 65 58 24 61
54 30 28 51 98 91 33 74 60 15 73 80 63 68 48 27 85 33 7 40 280
79 2 1 99 14 90 55 99 79 65 97 56 21 20 19 91 17 75 24 74 382
74 21 56 40 63 94 6 16 55 59 9 26 82 61 33 64 74 97 83 65 163
96 48 73 16 15 96 9 94 15 74 26 93 92 94 91 8 84 76 69 3 114
130 225 130 45 67 45 252 136 232 63 27 143 60 466 221 164 448 225 722 1029
