20 20
42 9 71 75 63 47 16 5 66 68 77 47 17 9 43 62 17 47 64 49 46
90 56 55 34 50 5 15 91 19 60 61 10 40 17 31 86 17 27 40 69 77
87 69 14 76 66 3 76 2 83 99 67 63 68 62 39 61 61 28 66 34 376
93 58 84 36 83 100 5 41 29 45 76 62 57 29 63 62 91 94 19 20 290
28 57 100 56 10 81 32 14 43 100 18 28 35 82 90 48 74 87 64 71 462
46 51 53 64 94 60 13 57 54 22 84 29 59 52 54 2 72 11 77 3 369
13 51 29 56 43 89 17 58 100 11 61 86 97 17 71 43 89 82 40 29 452
99 61 36 89 41 38 29 52 46 28 94 67 73 17 29 47 14 18 37 51 227
46 52 52 10 39 29 1 94 1 65 26 49 93 67 21 92 89 76 46 53 399
41 42 15 16 25 59 2 49 33 8 37 36 100 89 37 68 39 23 30 78 382
55 39 82 77 45 24 66 30 89 45 17 61 31 2 53 22 60 9 100 59 356
48 45 71 6 73 8 79 49 78 82 97 72 78 88 96 5 40 50 5 30 280
52 66 18 33 19 35 5 75 68 57 75 94 84 58 34 38 56 41 9 13 248
12 30 93 60 87 12 71 19 75 86 17 61 22 54 78 84 29 28 86 90 124
68 60 32 5 57 44 94 43 4 49 83 33 23 47 87 69 29 43 99 20 399
62 72 10 88 84 53 69 13 49 79 37 22 88 1 80 19 57 18 21 76 423
10 22 87 6 79 74 92 96 76 37 82 43 95 86 11 88 57 6 7 74 144
73 86 70 52 53 78 82 62 12 18 41 50 31 29 4 68 92 40 32 78 452
84 4 47 86 39 55 73 79 20 11 7 93 4 88 22 65 77 90 59 3 263
68 85 19 55 96 38 56 60 23 40 26 21 85 41 66 26 81 59 31 19 347
292 290 127 280 310 78 186 80 279 164 220 257 388 15 488 531 426 404 165 1136
