15 15
76 47 17 14 76 94 35 42 80 56 58 72 82 82 84 209
28 69 26 60 2 28 80 43 67 72 84 10 25 61 21 294
4 15 96 61 4 33 92 36 68 40 12 8 86 25 21 62
91 25 40 88 70 5 1 36 95 100 82 11 1 87 47 371
27 52 27 19 88 84 75 71 53 81 74 62 13 85 89 60
28 2 13 90 75 94 53 58 20 11 33 97 86 81 9 376
53 86 85 71 8 70 64 76 70 88 42 33 99 72 28 146
1 90 71 4 18 69 69 63 58 63 83 24 32 52 13 209
83 54 2 26 9 99 86 10 54 47 77 79 30 87 61 153
12 30 100 59 27 8 41 61 1 72 38 9 11 94 86 273
69 71 39 31 67 15 99 78 50 12 16 8 90 68 9 216
38 47 1 77 58 67 9 81 82 79 32 3 17 2 10 52
35 77 16 63 65 95 1 11 42 84 58 5 76 14 36 246
42 60 28 56 43 87 72 97 20 11 52 66 49 3 58 352
95 23 75 14 9 26 50 68 84 33 12 83 14 94 70 95
24 172 183 187 203 24 177 154 130 255 234 248 146 337 640
