20 20
33 84 55 80 8 56 49 81 40 88 93 7 81 83 57 35 19 32 2 53 115
3 76 57 66 52 29 31 75 52 74 25 55 57 37 67 25 53 63 84 54 483
40 76 38 14 91 64 4 26 27 82 87 14 28 49 76 71 22 96 70 18 82
66 3 41 95 2 75 20 91 90 92 9 92 89 73 20 26 11 38 58 94 209
48 72 24 78 36 74 62 53 19 99 15 71 92 12 39 42 68 47 15 7 152
92 51 58 1 6 23 74 72 23 68 18 87 21 4 93 48 78 82 47 86 328
19 10 99 44 38 41 25 4 60 62 50 33 43 25 27 39 50 69 58 57 192
34 26 9 9 95 2 10 9 24 25 33 72 18 92 83 8 66 99 37 100 260
63 93 35 4 11 55 82 21 57 78 62 22 28 13 10 36 84 80 23 57 61
99 13 3 67 72 40 48 35 2 92 3 73 28 62 69 77 4 90 99 72 128
2 28 5 8 57 92 62 98 91 30 73 74 62 71 58 90 12 45 47 15 362
26 23 12 6 78 24 93 30 26 49 13 6 97 18 85 89 79 7 75 10 205
16 40 44 93 98 90 66 7 77 30 76 34 90 8 68 32 72 29 44 36 334
75 99 64 80 79 57 24 65 94 36 21 23 14 52 75 97 62 94 47 94 487
96 88 54 74 88 50 2 17 48 22 49 76 7 32 38 41 97 22 85 3 45
79 82 28 34 51 89 55 33 26 11 36 95 32 69 8 34 74 45 76 71 145
53 64 89 71 24 76 27 54 10 98 68 92 26 88 99 41 43 32 30 7 324
29 72 89 77 16 4 64 53 21 77 49 20 44 6 45 78 82 50 7 54 494
39 2 67 18 67 3 46 57 51 65 46 59 15 36 85 63 20 43 75 63 420
10 73 87 26 60 76 80 90 30 78 31 5 14 16 29 37 26 28 81 72 23
85 79 26 53 173 169 100 37 238 320 223 213 366 75 344 28 213 146 858 1103
