20 20
9 90 37 42 76 75 61 46 46 17 65 95 61 67 70 65 9 27 38 71 141
58 17 77 9 74 3 9 19 7 29 75 10 57 84 60 36 55 87 86 41 321
58 42 27 54 7 56 82 75 50 71 10 39 62 12 33 41 47 51 63 97 375
71 91 72 95 37 88 48 26 97 23 79 17 69 37 53 64 2 51 13 24 55
92 61 15 69 1 88 62 86 79 72 57 32 67 99 50 50 68 41 66 90 12
76 63 41 32 43 24 87 3 19 59 85 96 16 90 83 27 60 55 29 1 300
79 49 36 30 45 71 60 72 51 27 45 49 38 15 7 71 65 22 61 42 30
89 66 52 7 36 42 49 98 74 97 56 74 63 2 81 28 99 75 37 77 129
64 5 64 44 3 14 35 41 89 78 84 1 15 81 63 84 99 4 21 21 39
89 69 100 70 68 86 47 5 77 35 88 68 1 9 33 57 99 87 51 79 35
62 94 9 88 93 18 53 53 14 78 37 58 88 5 48 55 35 58 68 31 240
100 14 78 63 29 85 57 30 81 94 70 59 81 93 23 90 60 78 31 92 106
74 82 33 22 75 41 64 2 72 87 25 11 10 90 98 90 98 10 99 17 359
57 96 90 44 50 41 9 86 56 68 88 69 48 65 28 74 69 34 40 25 199
25 65 61 53 96 60 5 44 60 80 17 79 56 5 42 78 44 31 97 4 373
6 34 21 50 38 41 82 89 55 68 70 54 12 63 36 60 56 59 81 79 91
52 5 49 95 99 100 45 67 95 35 35 76 42 53 94 96 6 92 79 78 454
28 2 96 51 98 20 81 44 38 38 44 20 62 82 25 33 13 47 58 34 151
1 62 77 87 26 12 77 69 56 96 13 11 45 27 31 22 69 40 90 23 155
60 15 95 64 72 50 30 46 93 36 67 45 35 12 3 35 75 80 50 33 350
35 29 138 37 204 205 227 85 120 32 25 308 137 202 5 230 439 226 357 874
