15 15
63 30 86 78 71 80 46 32 17 82 64 51 86 2 17 288
63 51 1 55 79 1 73 62 62 16 68 92 45 67 17 92
86 60 6 60 50 46 87 53 71 46 16 91 14 2 44 480
29 26 85 3 61 72 51 62 46 62 11 32 79 48 86 444
87 45 13 86 19 82 5 18 96 61 88 64 70 90 48 210
20 6 60 14 87 2 80 75 61 59 55 63 39 96 65 420
61 79 81 99 24 38 49 83 86 67 96 6 60 33 59 418
86 100 81 93 54 86 59 68 62 56 47 20 80 42 28 442
100 3 5 66 82 83 76 50 95 93 75 60 85 50 23 361
27 86 80 44 39 60 9 26 77 66 19 77 24 79 6 296
36 50 87 61 36 17 97 26 35 87 89 74 27 94 49 113
29 78 47 26 29 91 57 53 70 57 35 78 5 4 69 239
43 92 54 85 6 19 51 1 73 68 28 24 84 84 22 85
32 14 86 74 32 65 48 97 14 61 9 84 23 72 77 38
48 71 70 26 96 93 82 93 65 82 23 3 50 10 22 290
196 204 102 293 105 186 117 270 271 41 199 340 461 34 1397
