15 15
27 84 47 80 10 88 55 48 85 11 91 94 68 44 29 324
34 13 88 61 32 76 21 71 85 61 10 12 12 44 43 90
83 77 61 59 22 61 36 25 6 95 51 80 22 16 42 87
64 23 87 18 85 43 87 13 38 7 73 65 9 16 93 235
86 32 75 78 89 12 36 45 38 12 96 39 29 70 41 316
71 15 58 12 61 98 53 25 4 57 52 44 36 71 51 101
34 91 18 7 87 1 16 100 97 44 13 55 31 56 51 74
39 27 64 81 32 1 56 25 34 65 10 34 11 64 20 331
17 35 55 48 46 18 27 89 99 52 1 56 93 9 50 182
44 97 30 19 27 26 84 64 10 50 68 92 19 30 59 47
54 37 79 12 35 76 24 82 81 41 19 5 31 93 5 35
74 85 91 14 38 17 44 28 12 32 94 70 2 16 49 436
53 27 14 92 35 17 77 6 63 15 84 62 38 82 58 221
67 11 77 24 56 51 3 28 60 100 66 17 89 86 34 151
83 37 86 45 83 6 86 94 33 69 70 70 53 89 22 68
39 52 140 9 126 71 17 235 111 227 160 305 341 224 641
