15 15
85 62 64 15 70 29 91 93 64 45 83 25 100 42 77 313
78 10 20 23 59 100 67 66 86 33 69 58 82 79 4 120
18 7 16 60 49 72 49 84 26 21 14 36 33 100 75 408
16 12 99 37 23 2 9 50 9 75 8 75 98 3 41 46
61 69 35 36 21 69 56 55 32 82 96 56 18 57 97 168
84 14 12 69 79 50 97 3 6 40 36 15 90 54 38 379
95 7 8 74 54 35 41 26 72 32 19 37 1 33 100 232
27 32 23 40 63 31 68 20 30 42 69 9 5 73 22 234
35 4 35 91 31 20 24 45 80 16 94 55 1 90 100 420
34 89 43 73 1 52 71 28 84 41 74 36 41 16 20 167
7 90 99 79 57 81 23 93 48 76 58 42 14 82 98 66
41 13 84 17 28 34 42 10 50 66 44 16 61 74 45 451
10 50 16 79 57 20 15 57 16 16 18 80 1 78 13 45
100 19 29 37 39 43 9 97 96 9 11 15 26 82 90 121
75 95 2 35 60 94 76 54 27 67 46 61 50 80 37 159
189 55 11 100 150 40 103 266 264 227 210 60 393 546 715
