15 15
53 74 43 19 28 58 79 16 1 68 36 69 15 18 89 359
77 12 10 19 48 40 72 28 47 71 72 23 79 4 47 265
80 55 31 5 88 91 56 34 95 62 8 42 62 92 14 226
61 8 15 68 97 9 33 14 18 95 25 37 41 69 51 262
82 42 51 81 16 70 11 60 2 42 18 69 76 99 27 61
37 4 36 10 63 67 42 50 28 37 39 20 24 97 12 190
99 64 53 69 21 51 33 21 9 91 26 44 31 8 93 490
99 80 56 22 72 21 98 57 41 95 63 23 73 43 60 61
79 23 87 6 55 37 5 14 23 65 50 86 22 11 67 66
58 56 50 79 57 71 4 56 84 11 88 16 16 6 52 116
46 1 51 36 41 17 100 82 11 63 73 44 33 23 97 88
70 17 97 53 60 75 64 3 83 33 93 14 4 48 70 194
91 58 27 47 85 54 94 68 19 51 26 26 79 88 30 322
59 17 48 39 67 12 20 25 74 17 95 75 66 58 46 400
61 73 28 45 37 70 32 2 46 86 37 24 87 75 33 337
170 130 61 206 84 224 162 249 90 111 335 66 245 128 1176
