15 15
73 83 49 20 71 74 58 87 11 81 63 64 97 89 54 171
15 94 97 65 72 86 22 95 32 90 39 9 71 21 27 249
3 56 23 1 29 9 5 19 29 73 70 6 98 16 21 64
46 54 30 76 32 47 85 99 23 96 74 41 12 96 30 218
37 50 91 37 63 90 49 70 51 43 36 28 16 46 84 140
58 53 95 57 37 25 10 76 26 73 14 16 73 77 99 324
82 91 56 57 11 5 80 89 73 31 22 98 7 31 44 361
4 100 54 38 86 73 15 28 19 46 11 29 60 44 93 325
77 16 6 48 75 75 3 89 9 71 92 46 31 93 98 356
66 28 9 50 86 80 11 94 69 48 15 75 25 6 20 24
46 93 96 66 91 14 44 79 62 66 78 12 6 26 81 456
39 95 71 54 36 85 72 59 5 92 31 4 82 65 57 18
70 88 54 98 23 3 85 33 45 63 60 50 25 48 81 328
33 32 59 52 9 30 15 8 90 83 54 72 41 48 48 448
55 65 80 77 1 10 73 65 50 31 96 65 9 72 66 300
230 11 121 176 280 26 279 146 250 173 297 193 467 462 671
