20 20
75 34 43 7 9 83 9 87 2 97 90 91 88 26 42 33 63 57 77 32 202
99 5 57 57 61 34 93 11 38 5 94 91 50 95 20 76 82 52 58 6 379
44 56 90 17 54 62 86 69 86 6 12 42 44 52 51 32 23 4 15 59 280
99 30 17 60 83 56 48 21 60 38 90 65 19 23 71 79 8 69 90 34 104
86 97 25 91 16 61 83 79 27 100 6 65 93 94 10 65 98 65 100 87 11
47 18 21 74 56 57 40 36 51 26 34 25 22 60 29 19 77 5 46 93 339
94 28 91 30 25 100 4 95 41 80 42 31 73 55 58 30 41 74 32 62 437
27 20 11 41 16 76 86 8 82 13 81 78 62 69 22 14 1 100 66 53 211
98 28 85 56 1 78 56 3 98 50 8 85 7 93 1 8 59 40 94 50 325
19 39 16 95 25 46 17 24 28 49 84 23 69 12 69 29 51 19 74 74 153
31 85 36 31 48 25 66 31 65 51 55 81 53 79 58 24 49 70 35 82 252
33 27 23 43 65 34 96 14 91 44 28 34 86 67 21 100 26 41 90 67 219
35 34 25 96 100 74 34 84 71 34 8 56 86 36 67 60 93 69 51 77 407
98 52 80 83 51 59 51 80 50 34 30 61 56 11 2 65 29 94 15 100 310
10 18 18 75 85 15 16 69 61 22 33 34 68 77 10 68 86 92 36 40 17
24 23 92 2 8 8 11 93 79 68 85 84 6 26 28 23 74 25 35 27 347
95 70 6 51 9 4 68 91 44 70 57 76 33 13 26 20 62 91 72 42 403
79 94 27 77 71 45 67 49 50 63 94 8 30 82 25 47 33 14 78 53 342
15 80 87 99 33 65 8 11 27 80 59 74 67 17 67 62 69 86 59 16 340
58 59 11 15 93 95 66 71 42 2 48 55 54 78 24 12 37 11 12 98 173
135 261 174 158 133 99 203 118 272 274 8 209 121 237 398 237 515 73 648 978
