15 15
81 87 95 68 40 72 36 31 32 77 38 23 45 83 33 90
22 69 75 20 44 88 3 74 16 59 15 66 65 30 80 174
96 30 71 54 6 81 30 43 92 23 68 28 18 48 54 344
80 63 84 27 82 7 29 10 12 2 73 88 61 82 84 492
29 48 51 68 15 8 39 3 32 1 2 76 23 58 46 278
48 73 59 40 90 83 23 58 65 89 74 10 39 93 24 123
6 78 30 13 14 45 47 62 37 90 64 7 72 57 72 332
83 39 58 40 26 47 36 22 71 68 58 66 70 12 81 360
61 4 84 59 50 90 17 23 22 47 91 46 74 53 91 52
39 5 38 64 3 1 56 84 64 67 93 77 64 24 100 74
76 91 71 52 94 31 76 14 33 68 44 31 17 92 26 209
38 79 81 75 8 88 58 84 73 20 75 17 15 26 10 165
74 95 35 66 20 81 29 36 46 2 15 23 51 6 59 191
86 16 43 20 76 95 25 73 10 99 58 20 89 46 23 318
79 85 86 8 27 24 87 94 27 20 76 63 22 50 28 363
161 228 111 98 63 126 227 267 76 300 169 96 395 556 692
