20 20
24 77 49 71 27 23 32 13 91 63 93 49 5 39 49 80 50 4 73 11 315
52 26 18 84 90 64 67 7 19 93 78 38 71 26 57 64 27 96 38 56 425
24 17 15 86 48 32 1 21 3 42 42 28 20 34 94 56 34 49 20 40 421
67 34 28 22 77 9 76 90 86 95 53 88 20 13 47 53 20 44 78 97 295
39 78 3 18 52 86 7 18 71 56 57 10 96 23 44 44 45 45 13 86 235
100 84 86 90 78 97 60 55 5 85 91 10 4 21 78 41 62 1 29 84 305
3 55 42 74 23 60 64 3 63 77 67 21 89 97 81 49 42 84 60 5 136
23 73 83 74 55 70 76 72 43 83 96 8 85 40 4 38 8 70 59 50 246
91 74 28 14 41 84 90 63 5 11 74 24 56 76 41 83 45 86 20 15 257
18 89 68 59 3 19 35 46 84 64 5 82 6 60 80 52 59 54 55 12 234
25 19 87 51 29 57 30 8 32 87 10 29 96 40 7 17 57 7 96 99 64
12 66 94 50 97 68 97 94 45 29 88 27 10 5 32 27 83 88 2 27 366
97 10 30 28 61 58 36 43 96 96 93 15 100 77 32 16 69 78 91 78 326
78 23 76 52 61 33 79 12 75 46 17 20 25 58 29 57 92 29 29 15 434
90 75 17 34 42 67 36 17 51 66 30 31 55 75 36 27 83 15 15 78 373
29 90 89 32 72 16 98 76 69 26 32 94 75 26 75 16 55 14 66 64 273
75 56 34 71 47 44 61 76 33 85 33 94 80 43 30 78 7 15 72 66 148
75 50 77 41 59 62 2 100 71 88 56 13 6 19 68 46 69 75 99 86 249
5 2 78 15 98 83 26 16 93 32 13 29 38 80 71 4 75 51 77 79 119
29 11 81 92 27 33 96 68 36 14 11 66 59 45 74 92 31 51 15 42 134
114 65 192 9 261 146 281 229 257 7 184 241 176 300 256 358 167 666 392 1054
