15 15
7 40 15 58 15 98 9 87 96 76 30 77 34 15 9 54
72 39 46 94 77 5 96 70 79 65 43 75 3 17 36 406
48 11 64 37 66 51 29 61 57 44 88 51 97 47 17 55
94 32 46 37 15 74 100 70 91 52 76 46 19 58 1 112
7 7 91 26 52 16 91 49 91 56 60 22 63 3 5 185
43 51 33 99 35 57 74 74 86 30 18 94 3 42 71 200
73 19 55 8 83 62 44 82 43 20 6 64 38 25 51 12
42 24 96 48 46 39 13 43 24 36 55 50 43 54 85 224
77 5 79 25 99 84 66 14 3 14 57 10 23 11 39 111
50 84 50 86 94 78 60 41 67 8 18 7 20 48 11 252
58 87 63 59 70 13 50 67 83 31 23 7 3 3 31 198
11 82 51 9 11 89 22 52 9 14 18 38 24 44 60 288
76 21 71 94 27 37 81 42 4 4 70 56 7 60 92 436
37 13 79 30 56 29 95 63 68 51 11 17 3 64 98 191
30 33 2 58 11 88 89 24 65 79 50 70 4 63 80 416
31 19 200 57 2 166 254 97 232 285 235 239 403 283 637
