20 20
28 66 19 73 50 77 79 8 76 67 100 82 18 12 52 18 80 33 32 53 477
61 64 51 37 65 59 62 24 7 20 63 2 32 35 68 1 91 9 94 90 181
67 20 64 67 28 84 70 16 79 39 39 3 35 68 21 50 84 5 15 13 379
13 11 62 34 79 64 79 67 73 76 8 38 88 35 81 40 28 11 10 89 83
3 71 4 33 7 53 21 6 59 84 89 93 78 2 48 54 85 75 37 88 379
99 98 25 48 55 12 37 37 60 56 7 95 61 63 91 77 47 59 48 55 440
55 79 4 42 44 56 23 94 80 2 77 87 35 66 11 60 16 46 66 59 368
57 60 12 32 85 69 76 16 50 91 51 66 46 63 54 13 58 51 43 14 228
95 32 70 9 53 2 52 44 14 15 27 32 30 90 12 63 62 59 96 34 220
68 52 88 29 56 74 86 81 26 37 23 1 35 33 36 93 44 37 68 21 172
5 47 89 52 90 96 93 54 99 30 67 28 41 65 49 53 26 100 72 43 367
20 91 85 43 22 51 55 87 49 32 67 55 59 32 10 16 57 79 13 25 317
67 95 98 9 49 89 36 93 81 77 19 24 90 77 67 28 39 20 86 26 179
96 78 68 71 90 78 85 18 100 69 25 32 88 81 43 87 83 85 41 98 215
43 26 36 18 50 96 95 53 74 30 34 24 76 48 62 38 58 85 9 82 141
41 71 91 55 42 82 11 24 99 40 49 83 48 91 72 45 60 26 71 34 459
55 47 89 65 66 81 100 58 74 80 54 88 60 96 13 16 76 4 9 95 172
96 67 59 89 34 72 10 59 8 57 19 14 33 27 84 3 59 3 40 32 200
46 51 68 65 65 4 88 87 48 58 90 87 27 100 92 51 21 63 98 26 78
68 55 23 60 8 4 33 84 72 92 69 1 19 38 48 77 12 14 72 36 417
102 34 23 282 124 310 38 286 29 319 344 52 30 44 14 47 142 973 275 2004
