15 15
67 3 37 33 84 39 9 44 94 9 93 68 69 43 58 69
31 34 61 80 36 25 15 26 76 69 14 81 54 5 95 424
5 62 69 16 74 27 22 97 20 2 27 21 58 51 16 486
35 40 89 2 34 41 86 1 6 94 15 56 3 96 74 129
83 70 62 5 71 4 37 74 97 25 67 96 52 40 99 179
42 31 80 27 94 24 39 25 89 71 35 68 93 50 69 69
99 63 36 49 6 46 28 9 49 30 82 35 35 75 27 219
24 98 63 56 70 61 33 24 35 58 62 22 36 46 96 380
31 89 98 7 2 16 56 18 86 97 88 37 96 54 17 287
8 95 61 49 76 30 100 59 76 6 56 26 28 96 9 234
95 91 39 84 43 41 6 82 95 97 36 2 9 89 45 423
24 48 30 67 76 48 21 38 5 27 93 33 7 40 99 322
8 39 8 45 2 86 64 48 87 34 20 38 58 92 79 74
68 57 47 82 2 67 18 64 37 54 61 72 99 70 26 454
71 29 66 64 42 64 77 64 90 74 88 87 58 91 19 410
25 219 289 63 147 29 293 91 149 36 15 487 352 663 1301
