20 20
22 69 78 29 34 33 52 65 93 53 3 54 45 63 27 49 57 10 57 36 245
82 75 34 70 40 40 4 95 77 50 42 59 56 9 23 97 90 75 97 57 214
24 5 51 22 89 3 56 45 56 63 72 7 12 6 44 62 55 62 61 46 139
73 36 29 79 12 3 25 85 60 11 35 50 16 72 76 30 32 75 92 49 244
83 62 1 100 17 2 94 31 85 87 96 62 3 92 7 94 29 23 40 66 179
97 31 60 31 42 41 75 19 90 57 54 100 1 48 60 80 2 6 53 14 168
97 84 37 22 38 23 10 22 51 34 95 10 92 87 62 97 24 62 96 77 436
33 67 19 29 90 20 32 28 18 53 13 82 88 92 76 96 78 99 9 90 330
75 81 99 12 37 22 9 23 70 37 82 89 38 77 65 61 59 86 1 27 51
11 32 46 22 88 67 39 96 20 74 89 97 77 8 73 26 63 65 95 99 397
42 82 38 69 76 4 62 29 12 94 26 46 13 81 50 95 38 96 13 8 263
8 11 27 23 99 72 49 58 69 4 93 56 99 95 34 37 100 67 91 61 253
17 52 73 5 47 39 1 82 85 20 59 40 55 48 62 2 47 16 12 6 315
61 1 46 51 79 86 17 59 90 33 75 17 6 13 36 82 22 62 3 20 415
49 4 80 66 68 97 13 36 98 97 12 72 99 98 86 67 78 55 12 16 124
83 66 54 9 57 45 51 69 98 80 11 21 43 10 57 4 14 14 4 5 251
8 5 72 27 43 72 95 88 11 72 37 76 77 57 84 17 94 99 69 36 86
63 50 48 67 50 72 36 26 67 73 55 65 1 22 57 51 29 80 93 74 340
6 83 76 83 48 64 21 71 65 88 41 47 23 25 1 14 28 67 87 85 424
64 90 19 76 75 43 24 47 14 74 53 100 2 38 18 75 63 6 11 47 64
88 3 81 91 219 114 268 146 76 55 371 19 236 22 203 257 330 641 570 1148
