15 15
6 47 93 42 4 45 20 69 85 32 66 68 95 34 40 374
8 39 81 67 63 61 72 63 59 67 13 96 82 62 92 486
96 12 31 76 48 61 41 66 20 44 49 78 99 72 55 278
34 57 14 5 21 41 57 14 50 59 24 12 15 61 6 444
80 89 1 93 9 53 37 29 87 26 34 34 28 83 78 285
23 3 67 24 66 38 89 59 89 23 100 83 2 11 50 355
50 97 34 89 12 3 90 10 52 6 40 96 90 4 12 342
56 66 3 31 88 98 94 79 29 16 30 26 11 76 38 270
82 16 58 23 72 24 43 34 37 56 58 89 26 12 70 436
28 64 33 23 54 3 87 84 94 93 89 17 5 25 18 489
34 78 38 98 100 2 60 32 13 32 18 28 23 80 32 100
18 20 10 48 48 28 72 95 27 66 3 49 96 23 32 200
14 38 19 67 83 93 71 2 63 39 70 37 15 88 58 30
80 63 96 82 68 26 82 20 5 92 61 71 2 68 99 66
20 74 2 52 86 13 66 73 98 65 71 81 11 13 17 113
15 231 116 223 14 79 287 101 352 312 82 182 257 63 1954
