20 20
19 45 31 3 13 72 26 51 75 32 12 51 87 9 2 65 46 88 29 16 207
42 100 58 81 35 53 99 46 78 57 89 93 51 79 97 100 92 82 71 97 179
98 43 47 54 9 12 8 53 3 18 14 75 15 67 95 45 67 44 38 100 128
58 54 48 78 4 30 21 80 65 83 85 44 19 46 59 96 4 29 96 80 15
5 22 94 16 97 72 66 19 52 53 22 100 5 21 74 57 28 82 93 60 178
24 34 53 84 80 94 80 46 51 92 3 35 19 10 57 45 72 84 52 95 32
7 80 88 37 96 20 87 29 73 51 86 42 56 82 17 60 31 25 85 100 268
84 42 96 63 22 72 76 65 28 91 27 40 64 34 56 87 46 27 89 77 97
76 13 62 55 97 11 22 97 92 35 12 11 31 88 59 18 14 11 85 26 322
61 16 7 12 83 55 81 52 75 63 84 48 30 91 7 55 41 52 62 87 184
43 57 34 48 63 7 25 67 45 11 29 96 37 53 39 82 99 80 23 88 445
68 37 24 69 92 55 77 76 53 23 35 47 12 22 89 53 71 20 40 83 46
48 37 36 15 100 79 30 32 95 4 53 77 67 1 62 83 25 68 53 19 278
65 80 57 62 23 99 36 77 59 92 54 46 62 70 24 93 55 70 66 72 371
25 7 62 77 56 94 13 80 68 6 33 39 78 77 93 1 71 8 54 84 423
22 7 33 48 79 8 13 23 63 48 60 59 30 86 31 59 69 15 8 86 359
83 76 63 72 81 9 43 40 36 92 57 78 44 47 90 4 19 34 15 94 222
84 38 56 61 7 4 9 51 77 32 69 60 68 25 56 4 3 97 26 68 144
93 60 96 73 84 19 78 94 93 24 98 83 44 93 13 51 18 95 71 31 306
67 97 10 5 71 42 23 5 17 61 49 63 2 68 29 98 65 96 19 14 417
148 160 43 38 204 97 194 227 255 256 131 182 52 10 101 340 446 523 476 738
