15 15
90 38 20 1 76 23 15 65 61 66 19 32 66 93 37 84
60 6 44 16 8 4 30 57 45 84 20 48 26 76 27 359
41 80 29 61 59 26 35 18 92 20 98 42 50 49 59 62
75 99 47 13 59 29 94 90 31 43 78 19 70 56 67 67
17 47 90 2 48 26 80 45 79 12 68 8 88 61 49 479
98 85 25 2 86 36 63 93 99 57 51 26 54 11 94 93
79 53 92 19 33 84 29 35 4 29 44 87 13 83 79 303
48 34 45 41 16 18 82 62 63 95 37 97 60 65 18 486
87 41 97 5 70 19 86 24 37 65 80 70 89 12 80 377
6 7 28 41 58 10 100 88 56 77 81 53 45 8 80 439
37 49 53 92 80 3 91 30 37 71 8 61 80 47 66 440
53 20 21 37 68 84 92 20 3 92 90 73 32 14 56 289
43 16 50 30 8 77 92 10 42 3 69 13 50 16 47 311
44 67 66 5 63 69 95 3 95 56 49 83 68 55 17 214
21 85 49 13 32 92 29 65 75 11 53 98 34 88 25 352
280 34 17 246 69 64 16 241 53 472 151 166 724 769 1053
