20 20
29 89 87 76 81 93 32 8 77 34 80 41 63 40 83 59 29 50 97 75 263
5 34 94 72 14 41 75 84 45 55 90 71 53 96 31 97 70 30 100 88 211
78 100 63 67 45 73 74 60 92 93 3 36 14 15 91 88 82 47 60 77 213
96 77 15 58 49 45 50 70 36 8 62 40 50 61 3 9 96 58 96 25 230
99 71 92 20 73 23 86 29 47 11 29 41 64 7 44 13 100 66 38 54 463
27 85 23 91 18 40 40 39 21 67 50 2 13 78 95 25 27 98 25 98 321
47 48 52 35 36 68 26 68 56 78 11 94 55 28 2 50 56 30 15 68 215
82 51 89 88 4 52 41 96 99 37 35 2 17 37 67 26 49 55 56 4 490
20 35 83 63 82 54 25 19 7 61 86 56 16 56 52 6 1 71 84 81 114
45 4 69 12 49 54 74 86 21 84 28 77 67 83 64 91 61 75 87 3 495
22 40 92 83 39 31 54 95 32 31 89 49 100 49 59 64 66 29 8 7 464
20 21 50 2 89 55 8 6 74 23 6 15 42 29 83 68 6 40 57 94 84
17 55 9 53 53 16 12 74 35 69 11 8 58 3 92 36 72 24 48 20 474
39 15 66 96 20 7 39 32 1 26 100 86 21 30 23 30 36 62 20 93 42
71 13 29 3 80 37 9 94 5 97 2 24 85 18 13 47 59 43 62 24 249
28 3 78 50 2 5 52 65 72 4 53 89 100 54 92 81 34 42 66 33 124
86 36 61 26 24 77 93 63 91 50 88 31 15 79 34 65 24 52 34 99 225
11 14 61 8 74 65 60 78 10 78 98 28 86 32 4 2 60 94 90 27 380
17 79 26 45 2 32 82 50 82 10 35 73 20 82 10 99 27 31 43 68 179
94 64 31 53 64 66 94 42 64 97 3 1 15 84 85 80 52 15 86 88 115
6 76 133 216 255 17 96 290 65 85 106 440 202 252 135 521 156 328 441 1531
