20 20
62 43 89 20 36 89 34 28 31 62 84 87 63 58 64 51 63 71 20 96 157
94 2 39 98 39 92 71 80 79 12 12 74 11 69 98 65 37 56 26 89 205
67 78 43 92 59 6 39 20 3 1 23 52 84 37 86 82 24 97 77 65 455
61 16 4 28 99 73 98 10 67 18 53 5 58 27 42 27 70 14 39 19 191
64 36 6 70 29 12 86 2 91 9 36 69 2 56 24 47 61 45 2 67 82
45 44 77 51 86 80 61 83 30 80 27 75 29 33 18 27 50 38 10 70 260
53 72 61 24 83 59 71 90 64 64 49 90 91 59 19 83 29 18 84 31 68
54 37 95 17 63 58 17 3 49 51 70 43 36 93 74 27 6 100 8 60 173
14 19 7 4 18 87 47 36 95 36 27 39 44 86 24 73 87 2 22 22 484
99 38 10 33 57 90 51 72 92 15 64 43 2 48 28 92 58 9 88 79 71
72 74 9 11 27 27 11 55 23 65 23 55 24 55 48 6 90 27 93 79 131
65 68 57 62 44 56 49 23 20 67 96 85 73 16 36 41 47 55 13 76 199
27 21 55 46 99 50 77 15 75 58 48 71 55 76 78 23 4 21 46 68 384
76 35 3 8 64 37 26 63 46 38 3 35 56 4 59 88 59 14 45 10 391
63 29 13 50 67 37 22 18 24 37 85 83 81 92 28 92 55 93 95 74 32
51 95 66 18 38 99 20 18 41 7 19 84 13 23 41 15 74 26 92 63 488
4 93 26 49 56 98 95 13 71 69 83 82 88 84 22 98 62 2 16 72 264
92 57 16 86 68 93 36 33 51 89 20 86 77 89 42 91 41 7 63 41 306
37 75 38 40 87 34 94 21 38 67 71 17 49 94 34 93 81 11 98 63 94
45 13 80 3 7 68 55 26 68 42 53 68 86 6 69 24 74 94 53 58 135
10 182 48 140 234 111 236 178 1 281 109 278 11 378 32 80 310 145 818 988
