20 20
32 73 33 24 43 66 59 74 89 32 24 41 56 64 31 63 43 53 8 22 319
37 15 14 53 24 70 88 41 31 33 58 78 51 5 25 10 20 93 53 83 332
32 40 88 34 60 4 26 2 53 5 53 74 21 10 37 24 95 99 86 57 272
3 42 42 58 4 96 12 19 28 77 95 41 47 31 43 99 54 8 67 73 203
34 92 100 49 4 27 24 55 50 36 50 58 61 68 2 53 49 71 57 9 169
63 57 41 46 31 62 35 34 95 67 3 39 39 56 82 16 75 55 14 42 263
58 66 22 24 8 77 61 72 52 57 59 73 99 41 53 84 80 18 75 28 234
92 68 97 31 61 99 74 75 37 36 74 87 45 34 10 4 29 94 98 45 44
33 34 75 13 55 72 43 43 18 73 9 37 7 43 87 96 34 47 85 15 51
69 72 100 7 10 7 100 53 44 85 60 94 53 7 26 68 16 66 93 7 155
51 24 1 97 50 80 30 9 80 1 75 45 22 89 68 77 83 50 51 26 197
100 96 56 13 98 22 91 16 76 18 95 27 29 99 30 74 10 14 2 33 421
43 19 92 96 42 60 27 89 82 74 39 64 31 15 71 32 41 47 11 80 485
84 80 63 65 99 90 14 98 89 17 3 86 36 29 38 71 48 88 19 44 360
49 32 72 98 83 12 48 55 5 72 10 55 77 53 32 7 67 4 26 35 410
14 24 22 19 80 28 21 60 42 50 73 4 69 17 69 37 52 15 29 75 307
5 65 47 43 19 12 16 15 39 21 96 9 63 10 63 32 80 71 35 61 111
45 16 77 53 71 84 12 51 14 87 88 58 53 33 58 71 9 69 9 38 311
80 33 31 13 97 95 86 61 63 87 68 68 19 29 39 66 53 83 52 9 353
77 87 76 90 79 22 8 67 10 87 5 74 53 48 31 41 48 100 5 21 203
185 20 47 105 154 236 221 98 95 108 341 165 298 297 470 245 114 584 177 1240
