20 20
71 1 87 4 63 15 89 11 43 13 97 43 100 90 21 77 24 9 77 62 37
47 10 94 22 91 68 97 63 99 37 31 5 63 72 96 55 22 69 25 92 135
100 50 85 28 78 78 43 19 20 85 28 48 81 36 30 70 19 20 64 49 113
90 81 10 32 20 63 1 15 91 15 94 74 97 6 36 35 80 30 37 24 101
25 4 94 68 100 32 98 52 52 13 19 75 65 97 22 30 28 54 86 36 318
53 71 8 13 94 88 81 52 29 22 64 22 12 94 64 33 55 24 62 12 431
74 43 65 81 65 89 85 11 28 45 48 4 48 42 1 58 37 34 64 16 159
21 15 61 30 61 15 34 39 94 42 56 25 89 41 82 100 6 83 48 20 13
61 31 88 30 8 83 87 89 4 45 83 50 92 46 10 93 31 37 93 19 152
33 27 26 38 3 20 59 18 82 91 7 9 49 45 80 99 85 57 96 19 427
60 46 33 43 64 47 15 21 69 71 53 82 21 75 67 81 38 39 84 16 390
32 11 19 14 65 30 8 1 22 49 10 60 2 60 57 61 28 53 51 25 461
32 90 23 35 34 70 82 68 76 88 52 20 68 42 34 48 56 46 93 45 373
4 55 39 29 96 3 34 20 56 41 17 20 88 61 66 95 81 43 39 8 24
68 18 51 49 57 3 91 87 13 86 82 20 68 67 16 76 70 91 34 88 329
4 10 44 15 9 40 82 7 68 91 32 65 95 3 36 14 66 13 10 39 239
47 59 96 74 28 60 4 24 49 57 8 89 32 50 37 27 54 87 98 15 155
73 66 57 17 70 23 16 76 22 48 85 17 78 32 69 44 26 69 22 2 200
83 92 9 73 79 9 53 43 83 29 5 13 20 39 83 31 15 61 11 82 135
9 38 45 12 41 67 87 17 66 12 83 70 15 90 13 18 58 91 44 43 353
118 224 189 58 93 193 6 112 36 228 244 207 16 70 117 68 25 775 126 1640
