20 20
56 90 49 17 92 4 35 6 85 24 40 44 35 39 11 51 68 12 25 27 159
46 46 50 71 80 23 42 12 64 29 43 57 36 1 48 51 87 62 41 9 488
26 61 38 55 15 10 2 51 28 36 9 66 58 98 66 58 35 27 88 51 26
71 5 20 87 37 71 51 10 77 46 5 85 76 75 36 55 27 36 6 58 333
42 28 7 59 37 58 56 1 42 2 73 96 93 20 61 92 84 44 21 46 16
48 100 78 60 57 1 44 62 12 94 66 68 20 92 50 79 30 89 61 10 56
34 64 24 6 53 20 76 75 34 38 12 29 54 18 66 26 29 26 12 49 89
97 79 59 54 39 97 18 68 27 4 19 11 39 37 42 38 32 93 34 80 309
13 12 45 65 33 73 15 12 24 62 41 5 80 85 36 27 48 90 66 17 382
80 65 47 52 14 64 5 53 86 33 73 76 42 84 52 93 21 86 23 68 188
28 15 69 56 77 8 94 37 44 33 97 30 59 79 93 45 74 79 73 90 427
89 93 93 63 83 78 5 100 97 98 59 17 92 4 100 77 84 99 49 100 159
90 76 20 49 33 28 43 53 58 50 95 7 66 89 13 90 16 62 63 9 170
61 13 41 37 20 13 21 12 88 95 35 66 47 62 66 33 75 20 42 33 320
43 85 4 87 95 20 58 29 97 75 100 44 71 65 52 98 94 74 96 99 131
78 59 30 42 76 9 54 80 70 37 44 37 80 58 79 17 54 5 14 76 358
45 4 41 19 54 29 92 23 94 85 97 60 79 27 35 9 12 77 4 66 185
3 72 14 57 10 44 64 16 99 10 66 2 79 61 54 54 22 94 86 95 369
69 79 33 55 59 5 2 3 46 47 44 69 14 12 32 46 34 24 32 90 474
26 13 14 29 56 25 89 66 53 88 57 1 46 43 2 66 6 78 74 30 285
102 105 219 225 154 196 233 252 72 220 208 34 132 325 330 36 134 136 846 965
