15 15
31 31 1 39 44 76 21 41 97 89 37 82 36 33 16 240
66 42 55 7 80 45 38 54 52 85 41 34 89 46 44 280
98 28 36 99 94 81 16 31 59 13 39 81 88 87 33 281
63 69 29 78 6 18 60 56 92 82 88 100 80 70 79 257
15 97 74 72 8 60 76 55 24 86 36 36 50 79 84 151
63 11 10 53 12 3 65 44 63 15 6 55 70 18 1 483
31 14 62 70 28 66 90 29 4 6 13 78 10 79 11 16
26 28 91 77 96 45 94 16 95 30 30 43 29 80 14 271
74 17 92 34 72 20 83 65 87 38 79 32 65 82 9 474
78 82 63 45 70 10 57 42 28 23 11 31 22 88 75 241
88 29 7 44 49 40 68 1 68 84 72 49 66 77 76 142
29 2 10 53 45 6 3 71 35 84 72 24 80 93 44 118
100 28 31 48 16 2 88 44 78 14 19 59 94 92 67 206
4 92 6 68 17 83 36 50 64 45 8 18 79 19 74 54
44 56 91 78 18 45 64 89 53 18 78 5 80 76 26 289
133 50 223 186 77 272 258 288 278 170 132 221 105 112 998
