15 15
1 5 96 92 2 19 97 1 98 92 85 17 39 76 56 405
2 24 62 25 89 64 66 60 69 6 52 21 62 2 30 141
15 88 72 26 46 84 65 11 85 96 17 72 69 74 71 340
14 83 59 69 41 85 57 21 54 70 31 58 50 20 65 215
30 77 20 67 6 50 82 81 47 61 55 27 58 46 63 97
52 97 77 17 35 78 51 41 92 81 35 1 28 64 70 323
55 60 58 16 38 28 23 48 62 8 81 58 40 35 39 258
25 28 94 57 22 16 48 87 18 25 55 88 82 78 33 287
21 86 96 59 34 45 62 26 67 65 59 60 27 76 45 140
5 93 48 55 82 33 90 91 56 88 18 40 79 51 72 496
13 81 29 76 86 75 60 61 3 61 75 70 84 97 27 476
3 49 80 50 8 17 9 35 63 8 71 82 31 26 91 289
33 59 99 69 58 80 15 75 70 67 83 34 26 7 36 33
22 94 88 55 66 71 3 51 79 52 54 11 33 92 12 322
79 98 84 43 10 72 32 77 30 73 86 12 99 87 96 14
9 137 221 48 175 187 281 60 108 280 242 369 79 230 1410
