15 15
56 5 55 21 18 3 100 73 78 66 58 58 1 48 53 295
43 13 8 22 61 75 95 46 16 62 45 70 98 15 62 170
93 72 35 34 6 36 83 65 79 74 64 95 85 72 38 14
57 14 49 1 1 56 69 20 47 15 15 68 23 29 22 416
9 74 51 70 54 34 42 68 53 7 26 34 69 32 9 155
57 69 33 95 73 75 69 60 25 92 95 85 47 93 95 66
57 43 75 14 70 6 94 71 7 70 35 44 80 77 92 449
25 16 86 53 73 54 88 94 46 69 11 10 50 99 88 146
87 35 5 67 85 32 56 98 57 30 74 22 95 30 16 342
63 82 59 93 31 8 84 35 31 76 74 12 13 17 10 52
15 92 50 85 18 37 11 55 47 59 57 47 39 43 32 234
69 76 13 20 35 58 58 91 31 85 59 22 57 95 93 272
66 13 45 10 89 87 44 97 89 86 21 23 43 21 26 353
10 19 9 31 40 34 89 38 44 17 77 100 98 2 70 231
66 49 99 90 35 2 94 82 59 19 6 19 53 25 1 228
207 45 203 136 245 15 214 199 289 19 311 175 258 386 721
