20 20
95 12 99 44 30 68 64 42 43 40 45 17 45 67 68 69 55 9 32 47 179
45 16 94 76 6 34 54 56 55 19 86 89 92 76 72 66 96 19 41 85 113
84 90 70 36 83 17 72 54 82 26 35 93 48 4 4 68 73 52 64 36 473
44 61 69 9 89 82 30 37 40 76 100 38 44 75 75 43 89 66 42 24 417
39 67 6 63 30 91 45 65 95 31 88 68 15 83 24 73 30 25 76 78 456
56 24 27 12 4 44 22 44 66 79 37 79 46 53 57 9 50 13 1 91 230
38 63 2 71 38 51 5 91 51 26 2 89 26 54 55 12 46 7 29 73 41
51 98 19 94 15 6 85 8 83 37 98 12 76 96 91 93 82 79 5 99 372
52 49 48 43 88 44 46 42 76 54 63 29 83 21 94 86 43 27 75 54 379
8 19 91 52 89 3 39 43 39 69 60 70 62 9 37 14 29 52 98 3 256
56 2 18 63 75 48 27 41 54 49 91 99 86 88 77 3 71 75 66 86 418
96 1 7 78 85 3 8 79 94 86 2 60 28 4 50 95 59 87 92 81 447
55 30 27 83 17 2 6 64 27 31 65 20 95 88 65 97 54 90 61 55 241
62 70 58 94 53 5 70 80 50 70 73 34 99 71 86 49 79 22 59 1 386
20 41 48 5 60 92 47 82 71 52 24 74 93 52 78 49 67 67 77 50 12
48 72 84 34 53 17 8 92 75 32 68 97 5 54 43 28 10 43 50 59 328
66 12 25 41 62 65 10 43 21 12 67 52 24 8 46 1 65 29 1 59 206
52 23 49 10 35 63 19 1 44 32 35 83 60 96 18 94 24 30 88 45 232
13 27 60 40 100 20 17 26 10 52 34 14 62 39 96 41 72 8 53 19 81
71 71 19 36 7 79 68 15 77 27 67 5 32 17 60 4 75 10 93 25 494
170 101 175 49 115 117 313 118 117 283 324 48 27 192 491 504 362 224 134 1897
