15 15
84 17 67 70 71 92 3 50 34 69 6 70 50 80 30 497
51 87 90 56 17 41 41 6 4 40 13 22 67 54 49 22
74 37 89 4 20 28 94 29 45 74 63 40 6 38 14 54
10 46 64 84 70 83 60 97 66 7 59 11 2 31 40 177
12 75 97 42 31 80 32 64 72 94 33 62 82 8 35 406
27 20 47 70 5 4 25 68 52 53 18 23 49 45 39 373
23 43 49 50 30 64 54 50 66 26 58 32 27 55 32 21
80 23 61 31 49 38 4 66 82 94 83 81 33 9 59 154
66 3 5 36 4 99 90 24 82 71 42 17 82 41 47 475
6 81 5 85 57 94 81 53 14 69 32 29 10 78 85 56
20 14 91 98 10 78 75 95 36 35 55 33 94 46 32 500
47 33 48 65 47 33 55 82 88 37 46 96 18 29 8 103
84 92 85 53 88 84 21 3 21 33 68 34 37 33 35 442
11 57 63 13 66 84 61 79 17 23 32 67 73 41 96 211
83 9 64 69 77 6 100 27 87 1 90 30 96 95 28 273
89 93 175 14 77 304 31 360 311 320 394 227 69 375 925
