20 20
57 32 61 57 70 79 31 39 46 9 63 93 15 51 59 74 47 94 65 2 339
7 3 58 93 11 43 48 94 32 26 28 13 57 4 41 90 51 76 35 35 167
80 31 55 89 72 44 77 10 50 29 47 31 33 60 98 8 86 21 49 35 225
70 55 9 87 41 22 50 79 9 18 71 89 72 46 27 63 48 85 16 14 318
58 97 71 87 45 56 23 70 45 88 67 100 65 58 77 14 5 34 68 61 395
58 74 75 94 54 37 32 91 83 53 26 4 100 12 90 41 4 40 100 81 443
10 77 51 95 91 98 17 44 27 21 98 46 1 86 17 18 66 92 83 9 174
45 31 1 93 70 61 57 62 54 12 71 89 43 40 18 17 62 25 11 12 369
66 20 64 98 60 24 12 30 93 78 35 10 33 89 8 47 62 53 61 27 403
72 40 94 55 26 40 35 54 61 31 62 6 59 60 51 15 61 27 30 37 289
51 39 24 65 52 64 60 5 70 36 53 10 95 81 27 61 90 51 20 14 25
57 48 11 16 23 79 92 22 84 79 88 84 56 48 75 74 55 23 41 100 356
95 60 9 1 90 89 15 2 28 23 29 97 64 80 72 36 19 20 79 48 115
32 11 90 64 23 90 46 49 40 23 14 29 46 98 51 50 8 25 60 57 118
74 22 18 37 16 91 33 89 87 16 13 41 64 61 97 6 43 13 61 3 250
69 78 36 11 54 72 6 36 6 99 5 37 53 52 94 87 79 36 49 21 258
24 5 69 67 62 97 70 31 51 56 49 73 56 8 37 7 37 79 87 22 309
55 88 69 43 55 22 57 52 40 1 67 38 43 88 73 7 26 45 99 1 352
53 76 5 23 26 84 57 57 64 73 23 31 81 17 31 60 71 76 99 14 321
72 28 56 26 82 46 52 77 30 14 60 61 45 40 72 84 75 94 22 29 338
56 116 51 30 328 37 116 241 59 113 304 91 202 256 286 435 541 254 147 1901
