15 15
34 17 69 68 45 44 78 63 65 54 7 36 45 4 67 384
54 95 27 3 35 20 60 10 79 85 8 27 71 90 38 294
75 33 7 62 25 37 47 28 75 35 90 29 53 31 87 283
53 44 51 57 47 82 78 66 34 16 18 15 47 60 62 459
28 83 34 39 75 97 31 71 61 60 20 78 61 83 98 220
82 13 24 78 12 89 42 60 86 51 66 5 63 13 27 97
40 7 21 2 97 19 74 1 52 95 68 83 44 20 61 51
5 70 26 68 13 68 36 58 87 48 19 98 9 71 40 233
39 50 28 66 34 41 72 91 97 79 68 72 85 85 99 474
88 80 44 11 14 10 37 17 58 64 25 96 87 31 81 111
57 11 40 85 41 92 49 92 60 20 35 32 41 62 11 190
89 22 52 14 64 87 42 76 17 18 90 36 47 53 79 24
7 24 54 90 91 53 76 99 33 80 78 28 82 48 79 37
24 23 13 40 10 14 13 54 3 97 11 80 62 52 40 446
13 1 54 98 33 46 26 3 6 3 35 38 50 47 30 94
152 203 130 172 146 208 250 11 120 165 164 10 545 379 742
