20 20
66 17 31 93 52 12 27 56 60 66 64 38 32 63 56 91 95 53 18 15 446
40 46 72 13 48 35 23 42 81 85 76 88 35 18 91 84 95 2 25 54 269
77 4 3 90 76 90 86 1 99 5 100 29 97 96 96 79 46 38 91 65 113
9 70 42 81 10 23 48 33 69 23 28 81 24 95 96 43 95 4 96 83 490
54 1 37 86 33 92 20 3 57 97 24 38 94 23 66 14 29 8 62 61 343
3 68 73 2 33 34 85 6 36 86 31 55 88 54 11 84 80 75 32 25 270
28 54 29 52 54 83 12 10 51 16 77 19 83 91 16 9 94 39 93 88 350
37 17 7 43 16 49 76 64 97 36 6 13 58 94 39 83 46 19 95 90 167
81 87 38 50 36 45 29 35 51 30 66 17 33 93 51 46 47 37 99 45 406
68 31 28 55 33 98 37 12 66 45 3 82 53 86 85 57 39 99 80 70 206
50 68 16 34 26 5 85 56 80 40 61 69 55 36 76 34 39 80 29 23 333
25 92 91 73 42 78 11 17 65 12 66 97 20 18 5 72 95 66 73 82 306
86 93 76 55 32 27 76 6 39 60 10 19 15 68 17 48 30 75 61 98 105
56 44 61 78 55 36 51 11 89 37 94 94 50 61 5 22 54 67 73 54 231
15 38 18 98 31 89 64 5 31 50 69 19 84 97 54 4 50 67 7 67 448
67 89 78 17 8 22 27 92 73 18 70 8 56 7 90 14 45 8 33 37 291
58 18 24 36 17 91 78 52 47 4 57 94 61 92 8 21 30 91 70 29 158
92 66 75 16 62 19 19 21 97 2 1 52 61 58 18 20 97 16 40 60 85
61 29 10 27 14 30 88 82 41 71 76 18 80 56 61 29 29 71 95 16 217
27 87 96 57 87 64 39 36 93 55 68 27 89 13 11 76 44 70 67 23 250
35 66 45 233 223 55 159 167 64 111 156 20 45 206 137 231 39 1075 21 2396
