15 15
14 33 64 89 19 24 72 51 40 15 5 80 92 33 60 198
46 45 10 90 13 21 38 66 39 51 91 48 56 39 33 465
63 29 36 98 29 85 47 64 91 87 62 85 94 99 71 438
95 12 15 28 36 44 8 49 13 20 69 49 60 92 76 252
79 85 81 84 7 88 15 24 73 89 14 67 83 66 93 289
95 66 94 80 22 12 16 20 72 76 61 17 98 5 9 148
80 10 15 3 96 68 75 43 68 31 7 47 15 51 71 202
86 82 88 7 8 67 49 71 78 65 1 88 18 72 35 483
4 51 50 74 46 17 5 59 59 34 92 90 48 28 59 181
29 74 99 96 49 63 83 73 14 20 96 88 41 76 12 377
81 62 15 74 3 72 52 10 83 89 50 8 33 37 51 176
3 64 19 65 85 80 65 31 30 77 59 83 25 11 60 47
36 12 14 48 43 73 94 6 24 26 80 42 8 59 58 458
94 94 76 72 61 29 75 93 5 33 96 27 98 57 22 46
48 65 7 92 36 53 26 37 93 25 20 95 83 50 60 119
19 266 270 98 78 43 222 13 10 267 457 417 125 208 1386
