20 20
3 13 60 72 21 60 71 3 86 42 62 95 73 27 46 13 2 14 81 54 141
45 41 96 30 72 63 58 100 31 99 83 100 40 22 35 60 73 94 32 56 116
31 41 91 69 58 32 81 78 100 9 40 88 56 46 94 8 47 85 90 1 127
50 15 10 40 18 46 19 98 83 68 46 48 76 93 63 41 4 83 36 65 383
3 13 67 46 62 47 34 71 86 20 63 79 28 22 29 54 40 92 78 77 106
59 73 2 4 89 61 28 44 25 28 96 44 66 48 62 95 17 59 57 20 80
8 6 23 9 66 78 41 87 42 45 31 70 84 56 44 29 87 78 67 42 326
50 85 11 77 52 56 41 57 67 72 94 10 51 17 6 66 10 13 15 31 446
87 95 33 70 86 47 33 35 14 89 13 29 54 7 15 77 23 63 80 87 411
7 44 37 76 45 44 74 97 37 82 68 77 29 59 97 93 35 61 95 41 368
99 47 57 74 99 55 26 41 17 41 44 16 52 50 31 50 31 74 50 89 185
78 86 22 69 95 72 95 68 69 86 83 94 57 16 51 53 3 56 15 12 336
48 50 88 75 77 63 36 89 95 89 63 92 51 94 23 4 5 58 77 74 276
60 75 36 70 8 98 92 72 38 28 94 92 90 9 26 32 81 26 83 86 160
38 75 25 18 82 76 1 72 63 19 97 88 73 93 30 2 33 33 4 14 347
32 29 78 53 37 58 28 10 16 78 75 30 4 37 11 86 30 36 71 67 22
97 65 68 2 37 18 32 4 90 90 17 100 62 54 79 92 12 64 62 70 341
41 3 38 66 22 82 18 79 14 88 94 52 9 47 71 36 31 52 81 62 277
28 29 90 90 99 16 13 43 45 82 39 31 99 79 57 16 21 95 94 76 312
33 11 8 71 99 36 25 27 81 99 4 55 30 81 84 33 33 79 8 96 112
243 176 64 41 100 114 197 231 166 203 102 22 235 268 119 331 320 554 614 772
