15 15
13 21 100 35 10 45 73 23 19 66 69 17 53 15 51 96
59 15 95 36 71 70 42 57 23 44 69 4 55 47 84 163
96 90 34 27 55 97 83 78 65 91 58 82 92 47 89 336
60 58 99 99 74 80 35 63 19 73 95 24 13 58 45 425
56 19 92 62 85 15 89 95 11 28 58 69 37 75 89 125
35 81 94 11 65 65 52 11 91 10 11 82 73 14 55 486
16 86 68 56 57 23 56 66 11 87 54 37 1 98 20 484
68 86 1 98 70 99 44 41 72 45 57 42 48 4 68 481
43 71 5 22 44 65 71 56 36 27 95 43 64 51 80 360
75 99 52 35 35 24 44 18 96 15 67 1 16 80 49 333
52 94 97 75 8 39 62 44 61 16 34 31 88 48 29 458
7 12 88 58 58 86 44 80 12 48 46 22 24 69 82 280
21 8 20 54 58 94 19 62 93 68 74 12 77 14 14 150
99 76 78 78 1 90 65 86 55 54 64 61 75 92 36 177
46 84 26 44 59 57 62 80 65 85 28 4 4 27 26 369
129 43 200 76 128 167 423 117 52 497 578 451 132 129 1601
