15 15
36 40 13 87 92 69 69 34 61 21 80 87 35 49 35 282
37 78 23 86 66 75 69 63 89 21 63 57 21 89 37 90
78 77 15 42 40 38 92 87 81 93 32 85 88 27 29 18
72 55 89 9 31 76 25 100 98 50 90 54 55 73 91 210
7 8 8 30 100 19 46 74 20 94 96 78 43 23 5 173
94 73 34 19 8 60 80 40 13 21 70 64 59 90 97 253
87 59 62 23 14 70 59 41 80 58 42 25 83 42 19 156
70 16 73 96 31 70 49 13 53 30 56 91 7 22 85 345
60 45 88 89 85 94 95 69 19 6 22 98 2 54 18 204
46 34 91 56 58 28 74 29 48 99 77 65 60 80 42 260
30 70 18 70 93 78 10 70 14 10 58 39 54 60 15 228
99 41 30 9 28 36 83 28 12 46 66 79 13 2 74 278
76 89 49 92 57 27 82 5 71 81 78 74 3 15 7 203
10 45 74 78 96 40 43 82 26 75 99 47 24 61 19 243
27 33 40 21 86 23 86 37 41 37 91 39 84 52 11 261
129 53 183 177 159 68 184 255 106 187 70 283 422 50 878
