20 20
53 52 92 6 27 93 91 100 37 43 94 23 39 4 51 96 56 51 22 30 221
51 81 76 45 93 21 96 94 32 99 55 31 97 97 24 96 18 26 47 49 194
53 52 89 84 57 28 70 12 7 4 20 2 96 59 52 54 27 52 67 53 238
21 57 84 28 86 47 39 99 40 47 12 16 69 97 19 62 55 45 51 1 328
97 80 32 9 72 45 10 96 86 32 44 57 53 38 28 98 61 19 40 40 401
47 38 73 95 93 74 92 23 86 49 35 33 80 99 36 62 38 41 60 68 269
43 92 5 45 79 42 29 100 22 6 100 75 30 59 10 3 99 81 6 31 470
31 57 30 86 56 8 24 16 52 1 48 46 61 81 18 58 63 40 23 90 398
48 67 14 80 46 64 64 26 73 3 27 31 55 12 47 39 36 86 65 71 415
24 75 66 84 80 60 43 17 19 35 20 77 28 98 3 98 76 32 6 42 228
17 49 92 43 79 29 84 98 79 13 94 40 53 56 25 93 1 34 89 32 194
75 29 92 37 11 95 90 41 58 95 64 71 94 88 56 5 81 62 20 6 141
83 74 1 20 47 76 28 24 35 14 29 1 35 34 68 27 47 63 11 71 116
46 70 69 67 84 61 64 61 38 91 79 55 69 32 84 8 30 64 77 48 224
23 66 36 27 14 1 51 37 89 43 98 79 89 45 29 24 2 30 10 90 74
52 47 95 94 77 25 84 25 83 2 83 31 17 69 14 58 12 29 57 53 448
46 7 28 89 50 98 82 3 70 84 42 4 48 23 90 88 50 36 72 98 309
30 32 77 80 78 97 31 65 42 97 34 29 88 18 75 74 57 14 78 45 74
8 51 55 42 32 85 4 80 100 55 76 94 39 62 4 19 87 15 72 93 333
43 82 82 75 31 16 64 69 77 77 31 33 95 17 17 75 67 70 6 38 397
228 54 104 276 162 164 18 70 39 33 87 246 335 55 375 201 454 746 98 1727
