20 20
64 19 90 49 55 10 80 28 32 97 26 78 5 21 72 73 58 8 43 78 315
57 43 60 99 51 32 72 81 66 71 32 75 26 88 94 31 88 48 7 56 116
23 90 60 76 28 10 35 96 87 79 92 23 79 91 62 97 17 50 13 26 89
88 44 14 14 9 86 4 36 51 65 81 45 91 8 21 57 86 46 6 24 313
66 7 59 34 82 50 55 28 74 96 6 58 83 3 96 20 90 71 85 42 350
7 53 63 42 23 7 34 47 3 85 6 81 50 82 94 1 55 82 87 46 184
46 89 12 63 62 38 14 23 40 42 81 8 19 83 18 75 53 9 32 65 384
5 37 18 51 28 90 70 99 43 88 74 66 21 10 28 85 50 56 82 98 45
10 34 59 56 39 73 46 77 13 78 66 3 3 50 57 27 3 92 2 79 167
73 37 16 27 74 13 78 51 1 22 21 53 66 8 89 52 60 10 25 13 222
80 89 81 97 89 3 90 97 35 96 20 21 65 75 11 17 81 52 48 51 294
15 19 42 3 39 87 83 86 49 31 30 60 66 65 81 93 91 42 2 60 332
27 62 14 87 8 31 5 22 33 40 70 29 10 5 20 45 62 80 48 80 73
62 97 38 1 9 15 100 88 61 80 1 68 7 25 15 76 34 96 15 31 459
99 15 10 7 89 15 6 95 14 79 5 4 77 49 51 29 11 33 57 36 492
68 1 76 32 52 98 42 67 32 33 4 39 10 51 91 10 2 18 38 93 112
90 50 17 42 44 98 76 17 10 92 5 62 60 56 84 18 64 60 66 52 293
89 60 76 82 47 67 30 19 28 99 45 90 68 87 5 73 39 13 59 5 50
28 47 7 35 52 16 94 94 38 24 68 28 8 57 33 4 16 92 89 69 306
10 9 91 76 2 64 85 27 74 13 8 26 36 54 26 75 62 76 65 94 60
165 111 67 7 54 50 279 222 182 92 196 111 107 133 132 132 237 615 580 1184
