15 15
13 5 62 43 5 61 82 74 87 92 77 72 54 84 57 370
32 47 76 49 46 96 9 87 2 87 56 94 19 67 76 257
8 91 26 99 54 73 36 79 28 28 14 74 100 63 77 41
27 78 17 62 84 88 77 5 64 30 73 77 92 27 99 328
74 65 11 28 48 61 89 13 85 95 98 71 60 77 93 314
99 83 64 49 87 79 76 4 15 78 81 7 70 3 18 95
69 56 66 33 80 36 55 30 57 92 95 72 12 62 14 380
10 47 85 88 32 62 28 72 34 99 59 5 7 100 100 383
48 43 66 15 54 51 3 17 31 81 21 46 75 58 62 224
48 24 20 68 39 11 57 81 24 58 26 81 58 93 8 355
42 6 45 84 31 96 62 57 74 99 91 58 18 80 79 121
4 39 8 55 26 29 45 37 20 44 85 2 3 99 83 417
70 22 92 69 37 20 92 49 46 7 11 64 35 50 43 266
71 31 49 47 38 40 96 88 91 3 59 69 64 45 79 361
76 68 39 100 50 21 5 47 37 13 31 39 47 95 16 105
30 58 293 21 311 114 264 334 133 360 382 99 70 321 1227
