20 20
39 51 87 100 90 12 23 8 90 71 21 70 69 11 97 28 58 15 18 95 156
25 27 13 92 6 92 66 28 5 27 97 68 71 45 15 50 16 86 20 59 489
16 97 75 98 29 86 81 73 100 10 55 36 45 1 35 55 32 3 56 53 276
76 50 77 57 34 62 63 47 87 10 62 66 52 68 46 69 100 25 89 25 284
49 86 23 59 15 25 21 20 52 94 61 42 66 40 97 43 47 78 40 63 458
81 36 84 90 55 40 100 56 23 50 2 28 95 58 99 39 33 91 3 29 240
9 34 45 8 40 33 61 61 73 72 30 33 13 40 60 14 77 37 5 15 312
23 22 80 26 79 87 50 61 52 25 80 68 41 80 92 18 48 53 6 60 153
13 19 47 99 75 1 25 57 37 88 96 19 97 53 85 15 18 67 73 47 384
94 23 18 62 33 40 8 90 74 80 67 79 95 11 41 44 53 85 59 66 200
20 93 64 6 86 71 57 25 58 53 37 34 41 18 33 67 59 20 70 38 308
13 52 40 99 51 40 17 71 84 77 34 7 61 88 45 19 67 69 6 72 220
2 94 51 7 3 40 66 8 41 49 33 4 69 100 10 76 97 32 61 88 497
38 68 93 89 85 8 74 69 71 24 99 79 58 81 54 36 82 15 97 33 489
93 89 68 71 56 89 89 84 90 33 88 17 77 12 23 52 95 34 43 98 134
76 1 85 4 69 6 76 27 18 9 79 30 46 94 58 5 8 86 1 61 359
80 19 44 41 56 19 69 50 47 70 57 79 2 9 86 77 87 93 68 51 113
74 18 86 69 71 50 50 69 68 91 3 71 97 57 17 44 99 67 22 53 56
34 43 39 67 40 58 45 36 54 60 76 38 86 82 71 60 2 80 35 36 265
61 62 22 46 70 62 93 34 69 93 11 89 79 33 77 90 46 94 45 5 111
196 167 150 215 148 261 158 187 123 107 361 88 199 376 56 389 302 544 72 1405
