20 20
77 13 82 12 97 61 84 91 91 7 54 100 78 9 44 100 27 1 8 47 399
27 35 74 42 68 49 83 36 75 49 4 80 19 2 23 18 50 62 36 24 223
89 31 99 46 85 39 99 92 80 18 88 84 70 60 68 57 33 89 59 37 187
50 24 2 7 90 90 93 32 93 84 52 61 30 36 67 97 21 94 57 73 256
51 48 98 41 55 97 75 19 5 95 10 83 99 18 47 93 17 8 99 40 280
20 53 16 3 78 68 55 47 55 84 70 88 96 83 99 90 28 65 2 68 232
100 14 20 25 25 10 18 36 5 12 40 59 81 75 63 71 77 29 57 81 75
83 1 86 70 88 1 88 55 53 29 53 98 43 24 38 60 23 8 3 27 295
69 2 64 12 25 33 93 42 20 77 63 27 89 86 83 19 80 82 94 79 444
4 85 17 8 15 53 72 64 10 79 18 24 34 69 43 38 22 64 67 50 49
31 60 14 95 17 93 70 30 11 20 100 74 30 81 90 51 52 7 43 3 225
34 18 36 26 37 43 28 53 19 8 3 85 62 38 83 70 56 56 75 99 318
97 17 64 88 13 46 100 76 7 20 76 91 23 88 49 30 15 83 2 100 166
27 3 36 19 86 44 95 44 12 38 99 25 66 95 43 47 30 46 19 74 156
60 67 2 88 74 22 37 37 35 38 48 57 43 9 21 91 62 43 30 77 235
1 20 88 25 48 43 39 54 14 84 88 72 33 69 34 54 99 23 88 38 95
17 93 38 82 15 93 2 38 18 34 3 75 84 31 91 75 100 87 23 16 443
4 32 43 60 78 87 54 54 26 51 20 84 43 77 71 10 55 90 14 71 366
40 9 40 61 2 81 85 8 27 14 83 74 57 85 97 87 59 41 95 90 345
57 32 74 59 23 48 93 46 94 92 7 30 94 48 56 27 59 49 83 90 127
218 192 210 165 55 135 194 192 49 228 206 85 53 229 300 441 245 519 456 744
