15 15
55 2 32 45 47 67 88 44 25 39 97 34 19 21 100 151
58 31 51 45 79 20 2 57 70 23 56 52 83 29 84 27
83 1 18 90 56 43 75 44 7 13 53 1 90 50 94 68
77 49 60 58 98 91 59 29 9 71 23 92 2 68 76 421
63 74 73 45 12 82 83 65 5 17 13 4 52 16 28 70
82 48 72 78 9 6 1 98 62 44 93 57 83 81 60 166
22 25 7 54 33 34 31 23 23 53 85 13 21 59 86 160
80 35 87 53 52 98 77 8 83 11 23 69 87 48 57 166
45 96 41 100 70 11 7 35 71 15 67 11 25 6 95 164
78 57 53 78 17 9 95 89 67 77 6 95 18 2 49 59
81 77 60 30 64 41 23 59 22 31 41 43 41 76 21 269
57 55 69 40 100 21 62 44 18 16 60 40 9 53 18 428
34 99 61 42 10 54 7 60 63 54 4 99 50 86 19 142
80 38 17 55 46 27 12 24 76 10 66 77 85 29 95 55
18 100 32 52 22 71 70 32 59 31 12 12 18 86 20 209
58 5 177 175 85 127 193 12 86 244 154 24 388 127 700
