20 20
70 96 38 78 1 96 31 29 68 71 85 34 75 68 36 77 39 20 48 66 21
71 32 83 45 75 58 26 24 9 56 46 95 70 94 51 65 86 43 71 98 468
34 15 63 7 5 46 50 46 15 80 30 86 47 24 34 21 2 86 69 41 201
13 90 53 7 33 59 100 15 27 1 75 75 60 16 29 62 82 74 85 89 329
95 72 42 74 19 38 2 58 2 85 54 97 47 81 48 36 92 84 76 61 154
6 62 62 87 2 8 34 63 97 17 71 52 97 55 93 43 2 9 60 5 358
53 76 92 36 82 83 89 91 11 15 6 76 23 10 49 50 50 52 37 30 334
28 64 97 83 96 51 98 59 22 54 97 10 25 35 5 45 61 1 2 79 395
74 24 47 60 45 83 24 18 15 61 89 88 63 39 54 18 39 62 40 68 448
25 69 25 92 30 60 92 84 87 59 48 99 27 82 82 12 24 49 14 29 417
50 48 13 4 71 19 25 85 80 51 24 56 74 59 37 51 31 38 4 71 495
82 23 26 59 65 72 85 54 76 11 20 70 12 78 9 60 16 78 90 69 359
51 93 38 11 98 27 10 44 34 40 96 42 60 58 57 25 68 44 97 97 93
18 53 1 9 23 73 23 62 83 31 39 46 15 82 78 96 3 55 24 83 118
82 86 61 56 82 7 36 1 67 52 43 96 97 79 71 28 95 2 66 52 47
82 80 35 20 78 99 17 95 15 3 6 50 8 51 25 54 84 48 86 80 456
56 62 68 15 16 33 45 52 13 38 49 22 13 74 19 5 60 2 43 18 98
74 9 5 26 88 52 15 18 14 92 54 94 71 70 85 74 67 99 16 47 430
37 41 69 81 87 54 24 65 7 38 23 69 47 63 51 15 25 8 36 44 488
91 73 24 59 3 85 96 85 2 80 97 47 82 43 75 70 45 82 39 5 118
248 146 102 299 8 48 105 170 276 82 154 201 390 90 202 546 451 765 489 1055
