20 20
73 18 45 23 53 59 79 15 57 2 9 8 76 56 10 19 87 1 44 89 227
37 55 40 1 14 57 75 39 37 100 1 16 78 18 79 20 42 75 34 69 353
13 65 7 20 45 40 28 92 55 24 38 30 87 22 31 29 6 53 88 53 207
85 44 4 85 56 69 17 24 16 66 64 72 93 97 16 41 55 21 74 78 129
69 95 29 65 57 10 89 31 20 10 98 51 10 37 67 31 93 98 95 83 212
78 51 43 34 92 78 24 61 89 59 70 41 100 26 88 40 10 10 48 98 134
51 40 30 60 32 31 74 81 58 47 98 8 38 78 2 64 13 39 12 1 230
50 47 25 31 18 11 96 33 39 55 86 82 23 62 65 20 26 43 75 69 492
25 31 58 84 32 4 56 89 16 51 3 80 21 42 42 73 63 41 7 45 353
63 41 79 71 14 83 10 21 89 89 22 95 69 18 15 53 93 74 70 4 229
25 23 15 13 100 79 2 55 14 84 12 81 89 26 21 78 25 67 61 65 297
30 2 80 87 21 2 30 21 95 57 54 91 56 30 20 9 55 56 82 87 475
94 62 37 69 38 86 92 3 17 18 24 24 64 80 72 65 8 52 75 57 189
28 34 48 97 68 88 9 86 78 18 11 47 98 49 24 51 89 47 85 7 361
19 75 97 32 10 35 38 68 77 18 82 80 55 24 68 20 19 17 48 68 81
6 63 24 42 100 40 22 7 56 65 80 100 99 7 15 28 44 19 56 43 344
1 70 99 25 41 39 96 99 85 4 20 68 4 84 98 96 57 90 33 83 282
3 21 6 6 74 67 70 72 68 42 73 67 96 20 41 93 78 24 56 90 155
25 10 92 46 28 10 67 92 52 10 12 71 55 7 18 38 1 30 74 2 167
9 45 72 25 22 9 68 43 13 40 44 5 79 23 89 45 29 27 2 28 423
6 9 181 14 42 311 100 71 376 285 224 280 40 458 297 29 511 309 112 1685
