20 20
73 31 32 60 35 69 61 48 80 95 13 54 65 97 8 4 99 10 11 10 459
89 35 6 19 25 4 6 46 50 50 85 11 15 84 18 83 30 32 44 95 45
89 100 40 66 67 69 4 13 20 4 59 4 54 44 20 75 34 15 73 66 465
4 76 63 34 90 51 8 55 5 69 85 4 62 31 25 18 74 83 12 84 167
64 40 79 89 36 83 24 37 17 53 21 70 29 97 19 85 97 6 68 24 421
90 34 39 31 45 16 29 1 37 55 3 61 15 6 7 31 84 87 98 89 463
16 27 99 22 83 53 90 76 73 74 72 25 59 2 90 32 2 81 27 44 379
99 13 57 93 28 73 29 42 51 1 53 38 2 74 8 18 25 45 10 65 493
31 21 77 100 29 55 35 55 95 65 75 72 83 96 20 71 76 18 83 32 381
68 63 17 82 91 71 18 77 74 41 80 55 14 97 75 29 44 80 16 45 277
17 16 13 41 32 31 43 61 93 45 49 31 61 22 100 77 83 23 34 98 306
59 93 2 67 96 96 99 87 4 24 28 24 7 71 6 11 84 94 87 29 145
43 41 2 50 65 84 82 97 24 78 90 87 46 89 84 63 98 56 22 42 455
48 52 70 40 25 6 44 44 80 19 4 39 35 62 9 65 54 47 64 42 19
34 21 61 57 29 72 62 94 41 69 89 87 65 79 53 79 76 50 65 58 320
47 90 29 9 84 93 32 14 95 18 38 5 33 46 78 34 73 31 74 9 301
70 84 40 26 62 19 45 6 25 96 50 98 20 7 45 47 39 52 100 46 483
50 88 46 73 47 87 30 17 47 78 29 56 48 74 88 16 24 29 63 82 412
11 44 79 25 24 41 41 46 42 9 40 81 86 41 43 73 44 14 85 78 113
56 68 20 84 53 84 96 73 37 50 33 36 56 10 47 70 96 44 72 5 203
30 281 86 303 155 331 7 205 187 250 387 345 340 67 340 565 524 582 647 675
