15 15
20 41 57 15 15 27 5 31 77 78 76 46 66 36 26 469
45 91 22 11 8 83 72 19 17 53 80 71 76 64 80 454
3 60 85 66 90 68 16 84 69 62 53 10 43 100 65 309
82 26 99 84 82 89 76 87 81 28 58 88 31 22 47 477
95 27 51 71 38 88 86 52 33 19 11 18 60 24 69 320
80 17 73 22 37 70 77 7 37 3 48 60 28 61 57 129
90 65 33 55 27 62 94 27 42 85 49 68 30 50 95 376
68 12 75 62 64 91 19 3 27 1 68 9 10 80 65 149
100 48 40 91 19 51 22 18 65 95 23 46 38 76 30 181
94 4 39 46 35 43 90 94 52 10 87 23 48 89 50 413
53 55 19 21 95 28 84 6 18 26 85 20 99 88 98 284
69 64 21 9 86 67 68 82 54 55 2 4 6 5 79 269
63 43 50 67 16 67 21 88 87 29 43 89 50 40 70 43
78 13 81 80 21 26 43 56 60 56 29 39 99 73 91 172
47 93 16 8 34 3 92 58 49 29 79 62 36 98 99 331
85 300 234 121 159 75 356 38 165 239 79 178 702 180 1465
