20 20
4 72 47 81 24 87 92 68 39 54 37 52 4 97 40 82 68 82 59 81 333
16 26 78 40 13 8 69 17 67 61 80 21 43 96 68 36 19 20 52 14 372
7 84 21 16 60 75 11 7 65 74 15 31 5 3 31 73 22 42 75 32 473
53 55 58 9 65 59 26 51 83 76 93 9 28 64 15 89 14 10 26 74 71
60 78 74 76 39 100 51 68 3 34 98 14 3 80 29 56 96 57 37 61 147
87 31 9 91 19 90 75 94 7 31 14 34 40 93 69 56 49 95 20 8 328
31 2 24 45 9 80 90 70 72 28 100 91 81 52 54 48 13 97 22 42 412
80 10 48 70 13 35 64 99 35 21 94 79 70 5 100 68 2 8 5 19 81
97 40 10 71 100 18 1 15 7 80 90 67 25 41 7 9 78 6 85 29 428
86 31 28 86 38 79 20 27 97 75 89 93 75 39 26 34 50 29 28 32 34
82 12 69 100 47 10 20 47 18 45 75 74 50 85 80 43 26 38 94 97 220
55 67 54 64 73 77 99 93 38 2 86 6 88 38 60 80 86 1 52 91 195
5 89 51 33 84 29 25 82 21 33 77 59 21 90 63 33 100 43 89 23 109
77 35 1 58 76 15 12 22 45 71 71 23 73 55 89 26 66 22 77 2 493
31 32 3 57 52 71 91 18 28 86 29 41 98 25 96 26 86 6 2 1 13
13 24 58 47 98 35 51 99 81 88 55 34 29 50 42 23 41 38 93 64 405
89 25 7 17 55 78 22 5 31 85 81 30 90 18 54 87 5 94 40 36 30
100 61 38 90 58 30 27 41 95 98 48 75 8 48 25 82 41 43 48 14 323
18 75 42 14 2 64 82 88 78 86 19 64 47 3 74 57 50 63 49 11 134
10 79 7 19 2 45 75 7 99 92 75 46 34 9 74 57 74 4 41 53 79
140 97 237 1 164 202 238 75 110 80 121 169 303 240 244 298 404 436 221 900
