20 20
72 78 89 58 79 53 24 62 83 15 33 92 78 73 91 88 43 54 38 37 409
8 91 3 70 63 66 53 83 19 53 98 33 91 56 39 14 73 91 12 57 371
71 45 58 60 63 84 34 20 79 67 31 60 11 58 33 9 55 53 1 34 136
14 39 5 62 97 32 26 94 62 75 67 91 98 92 74 67 31 56 43 14 430
25 50 8 42 61 62 87 2 51 13 2 28 91 38 40 2 75 89 86 47 103
18 62 1 79 7 99 26 96 29 13 97 11 16 64 44 27 74 6 78 20 245
41 31 28 19 88 100 56 38 61 31 6 22 86 45 85 79 80 70 68 41 424
49 81 14 84 87 23 35 70 42 39 89 8 1 41 57 13 33 49 44 51 271
48 61 44 100 66 51 35 8 49 89 2 55 67 67 41 79 52 18 39 74 373
71 33 55 61 50 79 47 92 10 53 84 89 4 51 100 23 42 11 82 40 211
47 49 19 40 5 91 19 85 93 3 14 75 97 12 13 18 58 50 95 93 461
83 83 56 76 27 93 64 7 80 77 3 99 20 78 85 88 94 38 15 78 448
59 68 15 20 82 31 71 25 23 33 36 63 49 9 80 31 94 42 33 80 331
25 87 94 86 83 33 18 96 39 95 95 65 70 73 51 44 34 78 37 73 10
18 70 80 87 50 17 16 24 65 43 88 56 31 80 8 66 80 74 53 46 345
19 38 99 13 31 78 83 84 79 65 38 60 26 12 40 98 77 57 48 65 60
87 31 42 16 16 67 36 6 95 3 18 8 93 60 6 93 18 48 93 18 418
65 25 21 40 24 5 31 50 46 41 32 64 49 25 62 66 93 11 3 84 139
66 75 29 39 42 19 35 64 43 28 49 78 34 88 83 52 67 31 12 49 428
5 100 84 3 10 42 78 71 8 99 100 2 41 27 28 45 16 91 10 17 161
35 83 221 54 143 116 365 289 128 205 282 165 306 16 33 120 393 270 1226 1324
