15 15
49 19 34 13 43 24 33 30 80 19 21 86 44 51 78 195
26 91 13 99 88 34 97 69 46 41 44 73 35 33 36 190
34 97 39 9 22 40 81 1 43 79 46 12 44 55 33 206
11 34 86 89 9 81 51 14 63 77 54 34 77 46 35 127
82 22 12 83 15 89 39 93 82 74 96 36 27 60 94 174
34 82 91 46 62 50 48 92 95 83 11 18 51 9 67 435
54 86 49 96 32 5 16 85 66 12 24 88 100 53 98 419
91 100 97 93 78 15 67 19 83 9 60 62 6 28 36 173
91 67 5 88 15 8 15 2 33 80 40 73 22 83 34 354
55 49 18 53 73 40 84 14 26 71 77 80 36 18 66 133
49 87 42 5 85 16 77 99 11 45 94 19 30 93 82 13
95 65 63 8 50 67 57 49 25 62 100 76 68 55 61 329
65 29 70 54 41 62 52 41 70 61 19 4 62 39 60 414
61 90 44 28 42 65 97 49 37 41 23 40 82 13 78 432
60 47 99 43 21 97 31 53 34 2 55 91 27 67 22 135
140 156 145 152 1 134 62 168 215 181 35 510 547 406 877
