15 15
89 75 62 95 23 36 61 34 52 82 6 19 23 36 35 345
24 40 54 32 84 70 65 54 42 83 39 9 31 1 75 203
29 29 13 23 49 75 69 73 25 45 78 16 75 38 46 152
54 70 17 4 33 63 85 18 25 44 2 100 12 21 66 420
93 94 80 53 96 20 55 52 39 80 50 11 88 73 95 456
63 42 47 48 67 8 15 92 73 21 25 36 58 42 14 73
58 10 65 39 37 87 28 100 79 91 73 28 41 81 14 125
70 60 62 13 10 61 14 78 10 32 8 5 56 38 84 425
40 81 31 41 50 20 57 13 76 40 33 91 82 22 39 420
86 86 17 14 80 24 53 64 75 16 73 83 100 80 21 400
26 91 75 31 84 78 79 76 60 75 3 89 5 72 75 368
52 5 24 52 23 60 85 60 44 87 72 77 18 29 17 167
38 81 96 10 1 41 66 37 98 94 67 30 17 86 53 66
45 51 82 95 27 90 57 95 39 61 95 12 9 82 6 223
92 63 30 26 64 72 30 74 31 78 60 7 79 3 1 44
226 74 104 136 227 290 112 77 264 128 265 326 448 275 935
