20 20
56 59 18 20 59 9 55 89 34 19 84 98 77 100 19 58 58 90 67 97 264
64 2 76 57 2 96 69 52 53 28 74 25 45 12 71 97 15 97 6 92 480
63 91 44 85 70 72 58 71 58 93 37 76 16 28 41 30 17 95 74 27 339
46 87 68 93 6 47 32 32 99 90 85 25 24 98 24 95 72 33 58 20 293
17 94 35 74 27 40 47 53 7 63 62 59 35 23 92 43 60 86 79 78 131
68 2 6 15 83 42 85 40 92 92 17 64 8 27 57 91 49 58 23 36 462
22 33 22 2 44 37 78 75 74 35 1 32 49 68 86 29 88 84 57 28 194
98 100 51 25 10 14 14 62 91 58 96 55 40 46 81 52 49 11 87 33 68
74 99 100 1 29 69 66 39 26 37 32 59 26 63 24 21 37 97 63 63 67
12 57 35 60 23 3 3 64 69 27 69 8 90 56 5 10 12 20 39 80 219
93 46 31 61 7 87 57 16 81 73 54 89 54 25 19 73 68 34 18 18 438
67 58 64 39 93 26 71 94 55 71 30 29 97 22 91 31 53 55 70 79 364
86 53 1 98 84 44 78 99 86 81 21 53 80 8 82 47 39 42 28 81 134
9 86 79 73 9 50 58 93 95 20 1 62 95 2 17 77 20 55 12 46 417
48 36 70 36 55 4 29 11 64 4 79 7 12 89 68 97 19 94 64 52 292
74 47 82 31 46 25 11 35 51 31 62 78 60 17 86 7 22 48 95 73 167
45 94 24 60 33 45 36 52 69 80 94 25 45 51 85 95 46 59 55 47 76
87 36 16 58 41 10 54 66 63 78 45 65 57 79 67 37 31 31 56 93 413
89 25 50 5 27 56 75 64 9 56 93 46 83 31 9 95 88 2 2 78 292
59 14 31 86 61 46 80 34 79 74 66 60 9 40 46 91 49 96 10 29 407
185 280 72 57 217 103 138 17 96 379 211 58 25 106 377 407 555 325 666 1243
