20 20
63 60 95 58 37 22 33 37 4 67 34 41 65 11 82 97 12 35 25 74 487
25 51 39 20 46 14 4 17 79 58 81 77 80 30 34 47 2 9 69 51 428
13 13 54 28 25 36 61 41 33 33 56 19 100 27 91 4 45 100 2 8 362
27 91 86 18 26 48 45 62 50 35 85 50 30 43 48 66 39 81 98 71 166
24 31 26 21 75 76 75 70 52 27 29 78 74 48 43 48 90 90 99 41 102
87 98 13 44 11 43 19 87 53 100 74 97 58 71 65 17 23 24 35 91 225
10 47 40 73 27 12 63 25 84 51 40 55 88 78 96 69 12 91 31 95 285
9 65 8 80 40 57 30 8 47 22 48 96 11 6 50 63 17 43 76 55 192
50 33 65 76 21 46 55 28 10 57 63 85 78 35 80 72 96 97 29 33 498
45 73 76 46 97 86 29 85 72 34 77 56 89 38 99 30 15 13 87 45 290
83 99 89 41 60 8 88 77 62 40 16 79 94 32 30 35 67 25 100 33 114
31 16 11 25 64 63 64 32 36 44 32 55 98 88 23 27 68 8 98 12 250
87 13 63 65 80 29 92 27 78 100 21 23 100 73 67 83 17 46 30 73 205
20 74 83 17 33 8 91 46 39 3 74 70 57 68 63 10 53 83 37 2 465
99 60 84 62 85 96 32 39 99 57 70 1 58 62 32 6 65 18 3 82 76
25 81 65 94 100 84 64 62 10 30 53 60 89 15 89 49 52 27 98 62 25
34 4 96 53 62 70 81 64 18 38 13 67 70 33 1 25 75 86 51 58 364
23 64 41 61 35 49 74 30 22 57 33 78 65 10 98 32 76 29 43 86 271
42 61 40 80 85 91 25 71 77 23 10 96 24 95 62 48 48 45 57 10 46
46 63 68 30 43 67 13 5 25 28 30 83 81 6 51 61 21 96 26 29 369
84 193 87 271 202 7 9 37 45 174 116 101 385 408 294 469 499 171 373 1295
