20 20
61 62 74 26 60 78 66 74 28 12 1 75 22 57 14 78 100 91 45 26 29
63 11 46 98 68 5 89 67 44 50 88 78 48 75 35 64 95 46 3 10 19
100 79 99 53 46 42 55 13 11 39 1 35 54 28 40 72 85 100 80 77 360
66 19 55 90 62 69 97 39 12 10 4 2 17 48 50 82 3 22 94 18 34
50 10 47 38 31 27 5 87 54 56 82 77 17 19 9 90 58 87 10 34 398
27 24 22 59 94 19 10 41 76 4 78 9 28 30 85 90 11 73 28 69 188
28 96 43 44 21 84 92 35 6 81 71 57 82 37 71 73 24 13 84 43 429
47 21 59 23 98 25 36 28 94 63 37 10 82 99 80 92 30 35 95 95 135
39 27 21 63 99 22 27 15 73 55 84 82 81 80 75 80 3 46 20 27 140
11 94 96 21 17 99 24 9 78 17 45 20 95 68 96 41 40 16 96 64 110
2 21 57 46 100 18 53 86 41 24 32 30 82 2 65 49 94 98 27 40 265
13 90 18 95 24 49 100 29 54 98 11 65 24 16 73 81 81 100 68 64 377
92 42 25 58 1 83 91 25 63 36 39 36 54 61 68 96 7 98 56 25 245
63 44 96 51 81 91 11 72 60 12 24 3 74 81 32 48 41 23 19 79 124
54 40 68 8 89 77 22 75 9 37 97 86 78 4 65 70 69 76 74 61 50
80 55 2 1 53 84 79 35 33 10 93 61 96 16 44 94 44 17 13 27 104
77 57 28 75 97 71 24 29 56 30 95 93 5 94 70 92 57 76 64 29 225
46 53 65 87 38 65 63 53 95 12 34 1 44 37 91 10 13 61 71 58 114
52 53 51 100 8 36 45 30 87 54 73 49 8 70 99 71 97 42 59 20 390
55 2 16 78 60 23 64 28 78 93 15 60 44 30 20 10 2 82 82 20 236
137 165 42 111 129 19 129 184 197 213 20 231 293 222 87 295 274 210 4 1010
