20 20
65 12 71 34 44 49 88 22 56 73 35 5 1 32 50 75 51 3 43 10 351
56 51 87 52 21 90 96 28 50 10 18 53 77 93 59 81 94 9 83 20 349
67 95 43 66 99 22 1 99 32 64 14 2 32 28 48 89 73 64 32 28 270
71 71 27 56 54 39 22 70 52 1 65 52 19 23 16 26 44 87 85 4 371
48 79 43 90 54 29 2 92 88 28 73 22 79 88 37 11 91 4 50 31 462
66 40 24 94 6 94 51 72 79 35 32 29 21 9 89 45 65 14 21 77 79
5 62 6 1 14 30 66 6 97 14 55 71 22 82 28 94 74 90 82 32 377
21 98 69 33 77 74 83 98 10 75 97 31 26 32 87 24 16 76 29 11 91
22 89 2 15 42 43 57 80 86 8 76 68 9 1 42 12 6 8 53 61 206
9 52 83 55 24 100 7 28 55 61 39 30 91 22 35 96 33 5 54 89 443
36 69 22 33 86 31 78 78 82 30 87 35 59 33 64 97 4 73 94 14 32
99 64 51 22 66 41 33 7 64 15 55 87 91 50 16 96 37 93 53 66 318
40 38 60 24 84 13 86 10 83 65 18 85 52 83 12 17 43 10 93 95 135
96 64 22 62 78 69 85 34 63 31 3 79 5 59 55 97 62 83 86 94 75
96 39 68 20 18 29 68 83 4 95 11 85 94 41 21 97 86 73 16 97 88
70 66 59 5 100 26 67 15 27 77 67 54 51 26 13 80 69 60 60 96 304
11 66 51 96 14 93 67 65 18 64 70 64 24 56 6 90 46 20 68 59 361
51 53 43 77 21 17 42 45 92 100 54 87 60 82 42 62 81 89 7 32 427
26 25 92 91 75 7 97 97 94 52 73 39 26 83 1 46 22 86 35 31 95
5 26 26 64 12 16 3 56 22 78 28 35 71 69 5 26 18 89 76 53 487
6 145 92 95 194 62 155 43 264 374 389 67 6 78 453 105 1 270 663 1859
