15 15
67 35 78 23 22 98 50 60 2 25 36 56 71 57 59 283
93 69 25 79 3 77 77 76 90 81 21 15 37 30 1 26
47 77 27 49 38 51 90 71 2 5 69 72 5 17 90 82
70 9 69 9 22 70 57 100 9 22 73 1 23 100 68 202
96 52 32 64 73 50 8 100 53 5 63 11 91 79 62 149
79 72 54 71 89 46 44 42 61 12 22 77 81 25 9 136
71 95 89 60 34 26 64 28 70 11 86 97 38 19 63 337
39 76 92 53 61 22 82 62 50 33 33 47 84 3 42 63
77 35 77 95 85 21 32 27 24 76 92 100 66 77 31 25
69 88 25 91 90 75 92 62 73 65 92 94 36 64 75 332
21 38 65 97 92 74 74 96 56 91 59 96 22 97 100 351
42 18 99 34 20 8 7 14 83 91 61 36 46 100 89 215
92 94 58 12 2 33 89 66 95 4 8 46 25 48 7 143
97 62 47 58 34 97 65 53 46 96 34 31 94 54 5 32
80 11 77 54 75 71 58 61 10 45 88 5 65 11 29 117
131 63 58 70 25 129 92 8 104 298 235 263 195 369 453
