20 20
58 2 32 85 75 74 55 17 95 32 60 80 82 69 80 38 99 14 32 1 348
40 42 9 3 20 49 40 35 64 45 62 52 21 28 27 97 12 97 22 19 309
50 93 39 23 15 37 60 5 8 5 10 84 66 82 95 20 81 47 11 78 463
48 66 1 4 83 21 94 33 20 77 89 27 66 39 44 36 92 53 74 81 497
78 100 16 96 14 96 21 54 73 12 54 67 33 64 96 99 23 88 86 74 383
46 62 49 71 99 80 93 71 93 33 35 15 25 6 66 17 19 22 19 27 54
8 9 10 74 15 52 86 61 68 16 45 64 8 62 50 68 76 29 39 51 111
94 68 94 1 21 98 48 96 78 24 17 43 83 38 31 91 50 66 34 4 28
9 37 93 59 61 70 85 99 94 24 4 100 43 34 51 16 3 43 15 86 154
96 36 37 43 74 84 87 29 13 39 9 96 81 51 81 30 95 39 30 22 39
96 6 60 38 38 67 62 9 68 44 81 91 83 43 59 25 65 84 59 93 182
45 65 61 92 11 32 94 80 14 18 63 11 90 60 13 92 41 59 44 50 418
27 30 82 53 70 24 83 24 98 99 57 30 70 10 26 14 84 20 93 59 35
64 98 33 49 1 1 75 39 2 79 92 63 49 83 96 62 77 28 66 29 393
63 6 6 7 90 45 57 89 69 90 57 99 87 18 43 29 22 42 1 90 400
12 3 66 67 23 7 17 91 34 81 34 24 46 79 33 36 4 74 71 75 83
29 35 88 20 4 68 24 5 96 52 65 14 8 86 6 75 36 26 9 23 349
6 18 54 32 77 47 85 78 99 32 73 70 25 55 83 17 24 58 82 66 151
58 26 18 93 72 46 82 50 86 32 9 37 43 5 60 78 21 67 79 87 15
89 52 19 67 36 99 8 9 12 95 85 1 25 94 79 95 50 95 46 52 231
108 131 114 18 194 210 177 147 244 5 202 192 138 380 132 257 178 16 663 1137
