15 15
52 86 34 44 76 74 94 39 58 58 59 23 88 47 18 299
11 65 92 62 87 22 86 46 98 49 23 83 42 80 85 127
29 22 17 70 64 87 53 53 32 43 80 25 94 56 47 285
75 35 13 69 64 33 14 68 25 36 82 2 92 78 33 211
69 93 15 73 90 76 72 70 73 10 17 84 67 5 74 171
94 20 61 63 17 36 55 67 88 58 21 10 89 10 16 445
33 31 21 76 29 81 92 50 39 31 89 63 53 90 7 41
13 69 21 18 46 90 71 55 61 44 61 41 59 61 42 277
79 22 42 7 45 63 51 37 22 36 67 49 43 16 76 159
19 78 4 13 98 17 53 55 8 82 61 3 3 25 20 247
8 5 54 74 74 89 24 98 10 52 82 25 99 91 7 53
89 27 41 40 95 26 11 89 8 93 88 18 26 57 86 189
88 67 11 57 100 33 18 42 57 97 42 58 5 30 55 138
45 2 31 69 24 90 14 74 77 65 30 20 94 69 71 142
44 30 68 91 79 12 99 15 83 34 51 26 16 9 19 385
25 211 223 99 18 224 177 253 271 52 188 74 264 469 621
