20 20
35 89 83 95 35 92 72 63 21 70 36 73 35 11 97 48 23 92 36 5 66
39 1 64 7 52 53 3 42 1 23 14 82 4 27 52 60 71 13 78 16 40
4 48 18 38 85 97 5 79 83 62 43 28 36 66 26 97 16 45 43 27 220
45 91 49 76 97 25 91 8 97 73 74 6 18 21 40 69 98 47 81 45 500
88 1 50 91 42 66 51 85 31 96 5 95 28 30 34 89 30 100 75 84 295
80 50 1 67 76 14 39 96 43 24 21 34 95 20 38 34 38 45 44 53 383
5 54 93 55 17 51 73 51 99 34 65 64 59 95 34 96 12 25 30 17 364
16 20 27 86 48 26 11 8 38 12 7 30 73 92 42 57 50 40 40 99 349
15 96 57 46 24 38 75 16 70 80 43 100 66 50 42 15 21 6 100 79 378
43 62 77 95 4 91 79 70 94 20 67 81 32 41 69 15 77 13 69 31 196
16 57 51 26 73 34 9 8 34 29 54 82 20 71 66 62 58 89 90 52 219
6 22 12 61 59 27 80 74 100 36 67 38 36 92 98 71 88 100 41 2 227
43 47 20 62 10 15 86 39 84 86 89 59 67 17 23 18 73 46 32 55 439
3 64 76 7 16 29 37 76 20 40 51 37 75 69 29 73 44 55 5 32 63
97 96 42 67 24 34 2 65 43 51 8 34 18 89 8 38 2 9 87 4 88
9 23 79 63 14 56 41 13 92 52 20 94 18 28 14 92 2 26 4 80 120
29 24 9 18 49 14 96 9 59 91 45 92 39 34 92 10 100 75 81 85 92
41 33 10 94 50 3 94 14 29 22 30 98 32 83 83 15 91 67 97 71 449
70 8 41 74 54 48 14 97 9 12 82 67 55 6 69 17 9 85 52 100 42
79 17 88 56 84 77 21 75 83 62 14 46 97 82 79 15 91 84 40 19 492
236 188 91 251 30 52 26 92 122 300 287 348 178 141 280 227 474 489 560 650
