15 15
82 65 13 87 92 29 82 16 11 67 6 35 45 79 24 470
95 8 82 11 60 59 67 23 53 35 7 17 77 46 2 335
49 14 87 97 16 6 28 95 8 31 76 64 57 28 91 16
17 93 85 77 26 33 5 24 87 36 42 82 18 52 92 83
12 76 51 16 19 18 13 38 18 80 99 89 49 65 95 362
40 47 19 47 60 27 99 42 23 32 94 68 98 82 76 394
51 11 95 77 100 8 17 100 53 37 70 5 64 76 46 397
34 41 86 3 26 14 30 7 39 61 61 5 75 70 15 174
50 67 3 14 75 85 29 1 4 76 95 85 54 1 99 43
29 6 11 13 29 61 68 92 15 52 20 99 34 5 92 330
82 25 99 55 55 84 36 51 51 25 36 42 62 5 64 245
84 89 31 38 53 75 62 33 69 52 68 31 11 52 50 467
37 88 19 53 71 69 30 9 9 29 86 97 95 38 71 17
68 98 22 59 8 85 64 77 97 69 59 4 79 68 16 491
95 65 56 9 92 49 24 22 10 71 16 71 6 19 36 406
136 38 133 187 22 141 335 369 364 167 178 20 471 542 1127
