15 15
46 7 34 27 46 51 47 21 8 31 82 76 87 53 11 239
75 33 35 63 93 53 50 24 63 11 63 78 5 24 75 425
59 74 64 21 56 69 52 27 43 51 56 98 49 22 34 499
15 68 76 58 64 72 64 23 23 71 41 48 90 99 63 46
75 43 43 24 35 64 16 15 26 1 81 67 83 57 2 317
24 64 25 85 72 29 72 30 62 58 65 33 3 77 69 149
94 15 28 34 91 90 67 12 76 2 55 98 56 27 34 22
87 86 83 97 8 46 78 94 66 24 2 64 57 35 53 354
56 34 22 58 3 9 94 36 82 10 76 40 93 67 32 481
59 26 56 7 13 72 32 28 21 54 98 97 1 68 49 477
24 76 18 9 26 97 12 8 23 52 68 55 49 41 88 170
65 13 60 62 2 99 80 29 32 57 74 18 35 13 97 155
79 34 1 79 55 37 50 20 37 70 78 32 94 7 50 424
18 30 96 90 42 85 70 79 28 42 40 78 46 3 75 481
6 29 37 99 26 86 4 74 14 53 81 6 62 49 90 470
203 24 64 47 100 268 109 280 72 488 94 209 344 753 1654
