15 15
43 56 98 23 1 21 77 35 13 99 23 71 39 80 7 169
51 100 32 37 15 49 81 95 86 32 40 6 44 72 73 320
51 65 98 16 79 19 34 86 5 85 76 93 94 9 54 113
37 69 90 4 36 100 99 99 73 41 9 37 62 34 21 199
12 48 37 5 60 45 31 6 66 61 96 89 54 56 51 246
3 90 58 37 54 70 59 34 30 45 34 48 23 12 15 263
51 8 39 4 69 16 32 8 51 11 30 93 76 91 54 390
64 51 84 94 6 67 58 31 1 66 80 97 32 40 16 59
70 83 37 48 82 29 5 8 1 32 14 86 84 62 9 242
39 93 39 91 63 25 35 27 80 84 98 2 94 44 46 152
99 7 97 61 92 74 54 32 44 22 7 95 72 4 10 65
25 96 54 100 89 90 100 26 99 37 46 7 41 82 87 289
100 84 41 17 4 93 23 85 88 39 66 27 2 30 6 412
7 50 71 57 78 88 60 57 49 93 65 19 43 87 74 191
69 43 78 65 91 82 36 13 90 97 90 31 42 95 4 141
53 114 54 108 181 181 96 226 12 39 108 58 146 251 1624
