15 15
61 100 62 17 17 49 30 57 43 61 46 83 99 39 17 11
65 67 74 25 27 38 59 93 67 35 14 39 35 19 85 105
32 28 9 9 61 66 90 89 58 95 39 89 49 89 16 419
40 14 91 24 73 31 99 23 19 39 24 55 41 81 73 75
40 29 78 39 19 79 46 67 63 38 46 99 11 30 23 175
16 67 69 47 58 30 34 78 52 20 34 13 94 53 8 462
43 31 46 14 12 19 81 31 27 92 98 92 64 48 17 119
100 82 43 52 49 68 91 45 37 12 74 71 19 11 71 232
9 89 45 57 30 33 32 30 35 71 8 52 55 29 69 362
29 36 74 25 55 20 49 86 20 31 18 20 60 80 45 210
49 12 10 22 5 85 99 88 43 37 98 48 82 88 25 475
61 37 76 95 30 83 5 67 29 72 22 38 39 57 32 356
41 1 29 35 39 1 83 33 23 42 14 8 57 25 24 95
32 31 59 22 49 68 100 76 52 68 43 90 73 70 95 260
24 83 84 26 26 56 75 39 68 74 52 87 64 60 19 183
109 226 233 201 196 255 237 220 103 242 68 280 191 307 671
