20 20
53 55 82 90 13 97 4 2 1 64 40 67 1 84 71 2 92 9 45 39 65
32 27 57 52 100 62 42 74 6 58 73 14 100 5 22 23 4 90 72 20 144
30 20 1 12 14 65 70 13 15 20 81 35 29 68 18 34 35 40 83 68 42
26 76 100 17 77 66 45 85 39 76 22 58 80 73 63 95 15 17 49 99 79
21 5 11 26 96 95 11 28 27 77 37 49 44 45 57 13 34 6 21 6 458
49 28 50 11 11 47 2 16 3 96 56 21 95 21 20 40 84 27 59 39 330
27 57 73 6 90 76 7 45 61 93 80 63 33 52 81 73 37 47 78 17 337
79 69 9 21 11 42 76 88 34 77 65 72 71 43 6 75 1 86 38 50 282
33 9 29 81 39 42 95 91 96 54 47 82 9 69 30 22 55 93 33 61 142
54 88 95 27 71 23 81 88 21 94 76 36 39 43 24 42 72 8 13 23 13
6 4 59 91 44 65 69 41 79 31 12 38 25 12 78 60 57 21 10 64 251
62 85 38 7 85 94 24 83 11 62 27 36 4 53 1 4 46 56 45 33 30
3 49 53 73 44 63 93 25 16 22 7 14 34 10 90 90 79 34 44 24 122
84 70 41 53 24 90 53 64 48 91 92 3 9 64 32 55 29 14 57 51 161
10 27 71 17 76 100 57 78 80 76 24 77 69 40 53 33 68 48 20 40 483
5 14 60 37 28 55 66 19 64 68 80 8 99 83 69 9 73 96 15 21 36
64 14 89 88 51 8 10 17 36 100 82 10 77 60 5 24 99 57 37 55 79
61 70 27 26 67 15 45 29 28 31 50 90 67 15 2 37 76 74 6 84 159
41 42 33 26 32 32 90 77 26 3 93 87 69 30 52 26 96 66 37 82 95
85 42 23 89 81 98 29 37 73 72 46 73 97 25 13 31 82 13 75 40 404
116 109 146 166 180 183 153 58 25 25 145 202 251 109 139 1 374 313 395 622
