20 20
42 92 83 57 29 24 30 42 17 95 99 73 30 86 23 56 11 13 72 22 61
95 73 88 77 16 68 88 100 5 49 26 63 86 55 73 7 25 85 46 38 252
4 41 18 64 9 16 95 96 87 68 23 20 50 56 73 14 36 60 79 63 173
4 5 66 72 61 52 65 74 5 58 31 81 88 64 51 54 55 90 17 85 76
5 30 14 29 41 83 86 31 33 61 74 51 89 44 71 81 38 10 75 14 151
77 13 26 26 41 99 6 36 67 25 62 65 24 53 33 10 15 84 12 59 83
58 15 54 42 25 19 86 23 76 69 59 97 48 2 34 79 54 86 30 26 389
63 9 14 17 50 71 72 61 24 33 98 50 68 47 35 17 41 21 80 82 441
13 22 8 10 43 85 14 46 93 16 33 93 13 50 21 18 1 40 77 33 399
73 89 83 100 61 15 92 63 66 49 50 50 32 98 46 18 80 6 61 55 71
54 18 84 43 14 67 67 43 34 83 77 89 27 40 95 2 77 48 55 83 12
85 7 12 95 60 95 99 77 74 18 32 50 92 55 12 69 83 51 23 60 14
76 61 91 18 61 26 45 42 17 61 88 24 97 95 8 42 74 25 26 70 391
23 7 50 36 10 6 29 94 92 21 88 59 77 49 10 55 71 25 20 46 369
25 63 67 81 29 14 65 40 73 93 90 58 13 84 67 1 25 4 45 57 280
20 35 77 90 32 9 27 73 77 10 7 74 81 78 16 18 24 19 72 6 474
89 63 95 82 4 92 12 79 58 80 78 75 38 13 56 41 45 41 56 68 232
65 4 4 30 60 68 17 93 16 84 28 58 56 16 39 86 29 52 7 80 12
17 89 96 26 93 10 60 44 48 13 57 30 98 99 67 93 95 32 89 40 399
29 99 16 84 16 34 59 30 12 18 84 74 2 35 28 87 9 34 30 71 489
152 218 165 139 89 221 148 273 197 266 273 197 177 8 192 200 35 259 418 1141
