20 20
62 42 8 16 86 58 14 30 88 58 65 67 4 96 41 41 89 45 95 96 441
37 17 67 34 1 24 29 5 43 28 22 55 12 80 74 34 79 11 43 5 410
53 16 73 91 70 74 56 82 70 87 4 93 40 75 79 93 24 10 40 43 208
28 58 77 42 79 23 69 37 96 59 76 5 46 27 76 93 36 21 93 57 424
77 81 57 29 13 53 32 93 96 89 89 68 70 48 44 95 87 34 72 71 433
53 10 95 64 79 39 45 88 83 79 20 55 59 54 13 15 24 24 40 69 194
92 71 93 2 58 22 39 6 69 38 6 16 45 51 78 62 49 85 46 1 432
65 36 5 47 24 32 81 20 46 62 68 39 92 97 54 32 16 8 46 20 164
4 82 28 68 42 94 5 77 38 57 22 60 41 34 10 2 56 78 75 59 408
15 100 61 89 77 39 72 35 12 38 18 92 61 6 44 93 62 79 40 78 455
2 13 73 78 26 62 75 56 70 53 3 89 80 39 81 14 67 34 97 29 495
8 72 73 14 16 27 30 5 23 4 85 22 94 97 5 66 95 58 92 9 235
20 67 30 72 91 83 70 62 1 47 58 95 71 69 49 69 20 56 60 43 238
98 67 21 83 79 18 57 42 20 30 48 99 94 87 28 65 1 97 83 87 428
8 24 38 41 65 48 96 100 9 37 33 99 99 9 23 29 23 20 60 55 37
84 52 68 33 46 20 32 89 92 96 53 36 71 30 2 1 44 9 72 37 60
80 76 62 17 26 57 10 48 3 35 53 7 75 11 99 40 79 4 26 91 397
21 7 81 55 43 67 86 14 48 8 70 12 24 100 47 18 87 31 17 94 97
36 24 9 79 74 28 21 67 72 8 27 16 77 17 17 22 4 58 40 43 307
5 42 75 73 98 86 48 95 63 43 21 62 52 98 46 81 47 48 91 81 426
284 143 121 167 65 347 337 195 158 109 74 161 391 385 497 105 256 170 90 2234
