15 15
76 100 6 96 96 79 40 34 75 60 30 66 97 13 48 329
20 31 65 90 27 6 58 64 81 48 73 39 99 49 17 276
10 15 58 52 27 56 13 25 85 45 98 56 93 36 77 496
71 30 46 23 97 74 42 70 61 83 37 8 62 57 50 90
22 67 30 30 99 23 34 18 51 90 62 65 13 89 48 329
71 60 24 2 23 57 22 69 45 92 98 91 47 39 91 451
62 83 88 64 27 66 2 12 11 52 61 50 3 45 19 276
58 95 73 75 90 85 68 48 70 10 69 9 31 74 94 67
90 52 91 37 10 88 27 66 98 24 64 31 97 11 90 329
76 97 95 5 16 98 3 50 73 34 91 98 46 62 18 464
61 88 65 78 84 66 78 25 12 26 16 85 24 38 50 179
61 9 4 45 42 32 49 42 6 73 70 26 90 83 50 472
76 76 62 52 6 75 4 41 74 88 89 9 70 28 28 141
50 90 63 36 82 91 20 42 26 23 42 37 7 4 91 433
91 20 48 46 76 34 90 83 23 90 7 43 5 22 80 320
269 83 308 64 65 45 199 72 187 99 290 677 270 769 1255
