20 20
93 51 25 74 41 17 92 71 54 88 98 39 91 34 18 55 42 55 88 53 198
65 66 62 3 91 43 89 74 68 30 2 49 99 12 24 30 77 45 68 42 128
6 45 79 60 27 50 8 45 45 13 22 31 64 8 100 65 96 5 7 15 270
49 29 8 65 54 49 42 60 65 22 66 49 77 91 67 4 68 45 61 4 390
54 11 48 46 83 95 66 10 78 63 91 63 18 97 80 80 58 19 79 92 94
4 65 90 82 83 78 41 18 78 11 34 20 1 36 74 52 67 76 96 30 69
67 30 79 14 90 71 21 25 76 12 67 13 40 17 50 74 53 35 91 58 34
3 52 90 15 67 44 96 83 13 83 92 25 78 38 56 58 48 82 82 24 358
44 50 15 56 7 80 34 41 75 23 95 20 11 8 50 78 5 25 93 35 11
13 1 96 57 39 73 6 50 92 15 96 95 97 88 96 69 47 66 70 49 409
28 76 27 52 88 83 32 62 89 54 21 77 55 82 61 78 52 19 80 87 276
40 22 74 37 55 55 42 94 38 29 66 70 75 78 66 43 18 34 74 13 484
92 78 57 29 49 75 73 20 15 37 88 34 71 23 64 16 5 38 85 44 435
23 96 80 15 65 6 77 92 27 53 37 94 70 32 87 80 98 50 42 52 93
8 74 56 90 20 7 95 59 37 49 57 90 52 11 5 74 90 77 68 2 89
29 75 8 34 8 43 43 37 30 82 64 36 2 40 43 71 31 52 36 52 142
87 24 93 73 83 6 78 24 37 12 41 25 75 5 32 43 8 83 69 82 458
64 54 54 76 82 30 90 100 50 25 35 68 87 22 57 70 38 24 40 26 228
84 48 72 93 54 85 10 53 70 27 72 58 51 34 53 6 41 84 81 90 379
89 12 79 88 40 62 25 43 83 2 87 43 48 45 26 11 87 4 33 77 314
197 69 219 23 187 219 270 81 155 73 11 319 90 420 113 270 180 304 234 1425
