15 15
93 90 57 81 50 52 8 82 21 67 97 83 85 88 48 207
33 33 24 37 68 14 24 13 63 92 87 28 5 79 42 291
64 58 98 91 20 88 75 66 37 20 80 56 26 84 98 411
56 11 19 28 97 76 86 12 8 20 27 33 78 100 44 295
36 50 44 99 14 10 5 48 87 33 92 96 67 24 38 353
89 93 23 76 41 66 65 4 6 23 2 49 21 12 47 220
8 30 12 47 95 71 59 71 50 13 16 52 12 9 92 459
8 32 19 34 34 93 57 13 99 100 2 87 84 60 46 475
2 25 30 89 18 19 90 82 72 78 86 56 24 97 86 324
8 3 51 65 33 97 76 38 49 37 5 97 37 13 65 475
37 40 9 24 67 46 1 84 91 19 54 19 35 4 47 158
6 24 5 7 4 10 99 12 44 18 95 67 33 75 51 211
96 64 53 16 59 39 5 41 52 21 91 97 57 14 91 386
13 18 59 51 97 26 16 41 58 65 15 73 74 17 89 32
96 45 61 6 45 3 25 5 54 29 61 42 78 9 11 275
147 237 84 306 153 270 125 214 150 227 112 16 692 405 1434
