20 20
58 64 19 40 6 62 24 43 94 68 13 20 93 91 69 17 41 44 90 80 404
15 61 13 2 58 16 5 1 46 17 16 72 25 80 21 55 67 19 87 24 291
54 2 19 89 97 57 26 95 48 70 43 28 16 11 66 54 40 89 62 20 390
44 50 41 90 72 87 89 21 15 88 93 29 94 72 66 70 41 45 21 41 459
90 89 52 65 38 51 54 38 18 90 84 6 6 70 37 88 1 16 30 99 386
72 84 100 48 34 32 98 48 15 41 28 43 96 31 69 35 65 26 89 64 100
56 95 97 58 90 100 70 55 41 69 43 13 57 37 90 75 95 26 13 58 112
10 39 18 75 10 97 93 67 29 41 91 67 96 71 89 77 10 23 48 28 155
74 30 69 62 35 6 7 88 61 63 45 54 63 89 44 11 64 26 93 27 327
61 61 7 53 91 21 81 8 17 23 45 7 22 33 31 21 18 26 25 45 67
61 41 70 62 61 85 93 12 10 81 79 8 29 70 29 94 6 69 32 94 265
58 33 19 90 69 21 34 82 37 23 91 35 15 1 92 44 13 75 99 48 72
9 20 17 81 36 75 3 27 87 74 92 22 23 80 26 18 73 65 69 73 222
76 4 38 91 96 79 48 8 60 21 54 88 5 94 85 69 76 90 37 82 390
77 1 53 61 91 73 49 54 56 19 96 20 37 24 30 49 71 43 35 65 202
52 49 34 83 67 57 36 82 78 72 76 28 46 42 72 100 14 85 57 17 339
41 86 41 79 94 18 81 33 96 100 46 55 62 99 92 42 100 71 2 53 467
25 37 41 61 88 97 27 15 85 54 49 56 22 85 81 11 84 81 33 22 216
60 86 1 96 30 14 56 40 80 52 50 100 80 60 59 41 24 87 53 8 66
97 12 13 13 75 10 81 55 41 49 63 85 47 29 21 71 56 20 3 97 109
239 46 2 2 63 145 192 316 32 143 381 19 191 19 78 296 345 715 110 1705
