20 20
47 52 56 56 9 8 16 6 13 7 27 73 25 100 1 72 15 98 81 24 14
82 15 99 66 38 85 61 62 39 4 75 58 21 20 66 21 31 48 100 5 390
74 16 29 92 79 13 65 16 62 66 33 53 4 48 47 81 97 76 51 41 291
54 42 93 3 6 74 91 67 17 91 59 53 55 5 78 95 51 91 71 32 387
15 91 37 27 55 96 17 29 58 79 89 76 98 69 78 60 57 33 32 33 347
15 96 50 23 5 22 56 62 80 11 83 45 86 50 94 19 15 25 92 72 245
23 99 75 94 85 2 42 28 82 80 32 16 13 52 38 79 82 68 76 96 138
96 15 93 79 92 87 57 16 80 40 26 89 23 68 50 79 12 22 8 79 155
44 43 11 49 57 24 50 98 70 32 2 27 67 24 21 74 78 49 54 73 161
53 20 79 59 85 19 71 95 88 12 46 50 86 31 2 89 52 7 43 53 403
50 97 97 52 25 6 22 24 35 99 53 11 37 8 9 17 96 75 60 93 392
66 9 38 50 17 9 10 44 21 23 73 43 87 61 34 74 41 55 70 83 180
9 83 91 68 51 9 29 89 50 30 16 49 68 45 87 55 98 67 12 53 289
6 84 77 8 56 58 19 95 21 45 36 84 1 14 86 92 92 78 77 72 472
86 6 80 84 8 81 72 46 30 40 59 85 58 18 82 2 52 31 15 85 185
88 63 100 7 34 91 75 74 84 67 56 1 27 79 77 69 81 46 20 67 161
69 39 71 68 46 27 46 53 40 41 59 10 53 100 38 59 54 70 41 67 340
62 67 80 59 72 66 87 86 64 59 26 80 95 67 88 4 77 3 80 18 101
93 62 54 59 20 27 27 26 85 60 90 38 16 85 77 96 68 76 89 22 122
88 33 43 62 31 8 23 31 20 84 43 66 85 52 76 13 95 88 46 73 110
21 29 14 97 66 117 16 189 103 302 112 265 304 351 296 413 211 207 304 1466
