20 20
31 89 85 34 87 28 23 64 93 85 83 74 52 13 46 3 59 29 92 94 275
51 41 38 73 88 25 74 53 94 40 8 69 6 83 23 7 19 49 3 94 197
1 46 38 66 99 95 50 16 48 2 11 85 19 69 40 62 59 19 95 27 399
30 9 60 94 91 79 90 53 90 60 18 36 36 64 17 81 21 73 40 12 175
75 49 31 86 17 25 71 4 77 41 37 9 89 65 18 53 30 93 26 72 369
97 2 55 93 64 87 22 2 96 8 98 7 14 27 39 72 34 27 34 68 210
100 8 89 55 98 66 12 2 50 3 91 17 100 22 92 15 23 54 34 21 44
37 46 1 49 88 1 88 38 65 10 49 52 69 49 18 42 33 9 48 8 254
36 80 83 75 50 8 63 93 67 18 91 64 92 91 80 46 54 1 7 70 36
91 24 29 81 86 49 34 31 50 89 12 10 35 24 97 60 73 48 96 10 285
19 91 80 18 27 44 47 64 15 89 85 16 41 56 7 84 70 81 8 83 289
74 67 91 74 1 91 38 20 27 7 84 85 15 81 75 11 1 52 90 44 257
7 6 23 89 59 80 42 57 14 21 67 41 1 15 72 63 61 35 44 7 66
67 5 47 41 78 78 57 94 78 18 41 83 49 70 39 24 50 87 4 5 378
86 85 15 85 23 32 44 30 7 71 82 19 50 47 11 19 64 67 80 46 112
98 45 53 73 46 55 40 68 37 48 48 86 85 22 25 62 49 62 79 15 288
95 99 49 95 57 86 26 17 12 96 6 51 95 87 78 78 32 94 46 78 206
17 37 46 9 32 30 65 64 90 49 11 84 28 50 43 60 74 30 18 13 337
13 57 33 39 35 35 17 17 94 96 77 4 16 45 66 88 51 63 14 97 389
78 26 10 29 1 100 24 22 77 12 47 7 37 73 38 90 17 40 53 83 338
88 224 172 39 223 100 70 8 198 320 234 187 318 232 388 351 233 506 212 801
