20 20
78 51 15 12 74 2 7 23 9 29 37 15 34 40 4 25 21 78 22 11 486
27 36 65 27 47 31 70 38 49 20 46 84 83 10 30 37 62 71 17 59 430
50 70 31 57 10 38 65 8 48 36 76 53 63 48 94 26 65 10 15 39 249
66 42 74 100 1 15 16 7 50 99 46 32 35 63 25 67 52 32 2 17 285
89 18 32 15 73 97 33 10 46 72 41 94 18 83 33 30 8 25 45 70 482
79 7 5 51 89 39 71 41 47 67 52 97 32 1 100 71 31 99 85 59 30
44 65 88 5 20 11 29 56 89 74 92 58 73 51 22 15 66 69 93 28 300
27 25 39 98 48 74 91 2 7 41 72 76 23 31 57 39 60 88 24 70 289
47 43 80 100 18 94 81 41 37 7 25 16 63 45 14 58 98 51 9 26 335
97 10 61 57 3 96 21 73 5 9 13 37 64 17 23 41 49 33 15 43 459
2 19 52 79 70 8 100 83 20 17 93 100 33 45 26 63 46 75 38 38 149
62 46 29 91 12 60 52 83 20 55 62 60 50 32 47 3 100 41 91 35 131
28 36 71 87 93 69 75 50 29 47 12 51 30 26 48 24 11 11 89 94 39
58 90 63 51 88 57 41 87 81 53 84 45 98 88 30 24 53 74 83 86 96
31 70 100 38 24 22 15 32 92 19 52 10 97 10 44 92 46 30 21 65 148
1 17 59 55 34 56 7 62 65 90 24 5 77 99 37 92 83 52 11 50 311
2 90 97 92 52 75 23 40 92 79 27 93 77 96 70 2 60 68 51 30 197
59 50 91 81 10 71 67 37 79 39 86 91 76 50 10 39 27 65 72 91 426
96 41 41 91 58 29 23 97 100 55 58 98 61 7 45 68 10 92 51 18 65
93 25 70 15 92 92 91 73 18 55 65 74 16 88 94 26 93 92 7 96 345
104 43 70 146 250 7 311 157 234 133 132 142 326 363 18 432 403 357 783 841
