20 20
2 32 97 52 13 36 66 56 64 42 54 71 87 60 80 53 67 75 73 57 193
78 95 24 57 64 97 2 83 93 22 18 24 5 86 41 2 28 44 66 47 286
74 28 70 30 31 1 68 79 37 2 91 79 71 60 24 68 89 20 63 66 328
99 58 2 39 41 51 96 98 53 12 6 62 57 92 88 81 79 29 70 20 443
46 76 92 13 85 4 45 80 96 64 74 1 3 31 32 95 51 44 83 10 420
6 97 36 25 2 85 66 57 54 85 1 45 6 64 30 80 52 90 27 16 291
29 44 34 11 68 50 33 15 6 93 28 91 88 17 49 17 79 34 67 85 385
61 100 41 53 38 14 66 43 22 27 23 98 36 69 18 46 20 9 85 74 242
76 10 5 54 56 45 75 26 69 15 16 77 56 81 34 30 63 36 4 83 255
58 59 48 70 94 55 19 70 95 72 39 17 65 67 46 100 5 83 94 32 16
43 71 58 52 6 26 11 29 36 71 65 63 82 2 8 75 67 52 91 12 254
79 39 17 75 62 43 44 46 78 10 94 67 50 23 48 3 96 17 72 44 301
81 93 74 67 85 82 27 74 54 58 70 78 92 2 19 39 18 71 70 72 444
35 58 8 53 85 2 66 71 13 51 13 51 49 5 17 28 70 48 46 100 234
7 55 96 38 81 98 27 73 92 72 81 44 41 44 21 13 51 95 79 67 360
39 43 28 88 73 86 49 98 30 12 94 54 10 92 81 50 52 86 82 33 47
38 41 51 85 83 59 72 80 81 2 59 25 98 96 84 12 30 15 13 76 300
35 22 42 72 93 42 98 19 100 57 11 100 46 26 83 90 1 78 49 92 135
1 52 14 21 60 35 99 62 22 79 84 39 57 12 61 17 33 12 2 69 135
4 16 37 61 76 2 51 11 30 43 62 97 89 75 58 61 58 80 9 8 306
211 29 164 215 18 288 49 135 106 223 371 245 135 168 424 49 192 209 607 1537
