15 15
99 8 92 71 17 40 63 9 88 48 67 48 2 56 28 151
33 56 27 90 76 70 90 40 12 76 59 21 82 6 36 338
10 49 35 44 82 85 41 72 41 26 88 49 98 75 89 409
59 27 20 63 15 100 93 81 8 99 63 99 9 14 25 225
30 29 93 76 79 41 12 46 29 41 47 9 42 67 26 202
6 75 57 73 48 16 80 91 69 96 73 59 61 38 98 224
29 12 87 64 98 22 37 31 92 54 24 52 51 13 86 212
77 94 83 88 15 22 38 10 43 25 33 46 7 71 50 190
28 10 73 42 81 25 1 32 93 10 62 34 36 36 72 38
9 45 43 68 58 97 4 29 16 63 36 8 98 72 24 203
25 40 11 83 90 27 49 46 100 33 83 58 71 71 64 493
53 18 37 88 20 41 82 20 85 73 51 26 12 37 53 377
20 33 6 48 35 37 38 60 30 43 4 56 53 67 5 361
48 38 37 23 15 46 98 86 30 18 78 96 63 14 46 266
11 55 20 81 65 88 21 68 31 41 80 69 68 67 38 408
255 177 6 106 133 59 270 219 212 208 91 520 536 503 802
