20 20
16 2 78 42 20 40 66 13 81 64 85 45 75 73 22 53 54 87 26 64 245
43 62 36 16 29 24 59 25 24 20 92 48 34 90 12 31 7 66 37 57 435
66 10 11 32 84 63 81 62 29 50 43 98 90 81 94 38 91 51 42 64 404
60 93 3 55 18 53 98 88 37 41 4 97 94 31 20 92 64 29 86 88 423
99 86 18 51 17 48 26 44 51 71 54 41 57 27 62 74 37 4 59 96 445
14 54 16 29 83 91 24 13 9 59 8 65 38 78 16 47 43 96 96 19 334
92 44 91 66 88 89 2 58 27 33 47 63 12 66 54 9 18 64 55 37 118
20 39 19 33 83 19 89 90 64 36 73 79 3 32 93 81 63 84 16 7 204
66 44 7 10 31 79 28 43 67 21 44 74 62 12 15 39 71 53 46 38 138
27 15 70 90 100 91 80 32 95 65 54 80 20 84 50 20 13 11 34 74 374
24 56 97 27 2 10 83 64 45 61 44 75 2 32 4 99 49 63 77 97 195
26 78 83 92 38 81 85 83 92 92 29 86 82 98 95 2 44 100 44 13 13
20 61 15 40 90 23 53 79 18 56 84 50 24 94 8 83 75 15 21 28 126
13 67 79 59 59 20 28 71 98 31 90 64 29 97 62 2 22 14 21 30 470
72 58 90 5 93 20 19 98 55 13 36 47 84 68 1 11 59 91 21 28 500
19 98 81 94 49 65 55 82 91 9 55 4 47 40 87 62 12 55 48 63 108
53 77 26 64 98 6 71 43 36 31 60 12 22 47 36 43 87 44 65 15 117
21 18 75 1 100 7 67 27 36 32 1 38 15 55 38 53 1 59 60 64 230
18 29 27 20 31 33 18 40 40 33 42 51 1 90 60 73 11 65 90 35 476
32 42 36 59 15 46 63 14 47 90 84 62 87 2 15 22 81 85 33 7 315
106 11 263 86 175 34 242 173 87 402 5 222 431 352 386 486 339 148 851 871
