20 20
98 40 10 4 48 97 16 68 40 8 25 7 30 44 92 34 82 8 36 82 104
42 52 60 1 53 72 57 84 12 85 54 51 52 78 31 46 57 64 3 31 325
59 70 16 68 48 13 90 4 5 68 23 53 84 14 46 65 26 7 39 33 253
8 12 15 24 58 22 38 89 20 55 72 96 15 58 80 69 96 59 16 74 482
14 46 30 38 57 14 5 6 93 56 73 4 2 99 82 12 61 93 1 55 232
8 48 36 22 69 5 12 1 57 30 30 11 42 85 39 36 38 86 93 51 29
11 54 84 7 73 55 50 15 19 81 79 41 49 51 36 98 29 62 54 78 221
47 95 26 88 58 28 56 91 95 90 28 38 77 54 7 48 35 44 74 85 400
50 24 2 46 20 23 84 75 88 11 19 58 68 82 29 6 78 61 45 73 486
50 40 28 73 71 50 50 34 57 73 90 27 72 8 54 45 11 43 81 74 262
4 40 27 84 38 81 38 50 99 32 43 82 62 95 50 9 47 61 10 7 26
88 77 39 14 18 30 31 12 89 21 26 92 31 76 22 17 70 35 20 32 434
66 86 86 62 23 89 2 4 91 22 30 64 49 86 77 71 58 35 65 21 132
48 56 26 47 54 15 9 47 27 6 48 14 92 41 67 38 5 99 59 99 236
26 96 82 1 73 40 70 37 28 29 53 14 41 34 39 70 52 13 88 26 479
49 94 14 88 30 54 17 69 27 41 13 87 56 35 26 9 12 58 27 31 360
94 33 68 8 14 33 49 18 9 97 78 88 69 98 89 66 2 18 29 47 211
24 46 63 94 66 71 24 89 100 18 85 37 3 73 46 55 39 49 26 73 441
38 17 34 2 13 4 25 71 13 31 88 23 75 12 37 29 61 40 83 94 329
45 57 32 37 40 90 80 57 27 59 97 3 72 29 80 49 25 66 60 11 421
248 53 300 301 240 64 243 193 34 367 227 124 310 240 266 16 485 683 469 1000
