15 15
29 41 50 20 22 45 90 92 9 15 20 59 65 46 59 409
91 41 21 77 72 36 94 8 100 15 74 41 28 53 92 236
27 29 7 69 81 41 90 85 6 9 73 43 86 58 46 352
30 71 41 38 38 53 39 98 50 45 58 2 15 40 55 394
1 71 100 40 42 66 33 2 89 62 69 25 35 4 75 95
82 47 41 32 6 41 5 99 50 5 30 24 11 34 78 18
84 1 12 82 29 23 20 73 14 60 78 89 55 71 75 454
65 69 74 4 27 63 78 13 97 27 81 84 96 13 12 237
74 89 79 10 18 67 14 93 88 38 93 33 75 86 74 212
74 92 66 4 69 58 43 37 40 2 44 22 15 93 54 42
68 19 84 56 12 13 88 44 5 62 8 95 91 60 75 16
18 48 51 70 66 46 98 81 26 36 79 13 4 61 93 128
8 77 30 18 13 67 89 37 71 64 15 57 37 55 45 381
12 9 77 93 76 81 70 26 18 71 13 16 67 69 12 102
43 32 7 20 39 82 6 91 33 54 17 58 62 5 70 235
191 120 142 132 25 83 52 206 262 211 49 28 241 47 1522
