20 20
91 16 43 32 75 32 60 11 52 64 59 66 40 46 78 68 41 39 88 9 346
80 82 19 78 67 28 21 22 70 93 5 32 60 37 18 39 29 27 2 47 357
51 47 30 76 47 36 48 5 37 47 78 44 19 41 81 83 97 2 65 81 408
92 46 88 58 61 99 97 4 90 99 16 42 23 32 87 71 80 32 3 9 140
30 36 94 76 65 3 77 9 3 20 67 61 77 16 59 83 51 63 22 97 80
41 34 31 86 42 44 40 47 40 48 75 51 61 87 91 92 62 84 86 95 38
83 57 73 35 16 18 28 33 14 23 16 1 52 35 63 85 93 10 95 35 438
33 84 40 33 62 86 27 33 64 7 44 9 15 85 52 34 79 2 77 96 273
73 68 64 4 64 63 56 98 39 27 54 63 73 21 90 95 71 4 34 1 499
93 99 67 78 96 4 35 16 54 79 92 88 5 90 53 50 82 8 54 89 497
56 60 74 85 41 33 97 86 95 56 82 18 93 87 44 92 37 80 81 71 221
47 70 61 5 30 56 64 46 89 63 28 24 26 78 64 44 64 90 55 33 445
45 92 90 86 14 63 43 35 89 93 70 58 53 61 83 45 10 44 23 15 107
27 13 41 30 100 65 84 96 88 80 33 39 51 93 3 66 70 5 40 66 458
20 23 69 39 12 42 57 5 60 63 33 23 44 15 64 54 34 73 78 26 15
2 92 81 86 86 40 84 39 58 68 70 24 19 92 47 27 69 71 59 92 372
88 60 7 7 62 73 23 12 92 93 28 49 3 9 56 45 70 29 68 23 64
63 18 24 33 25 9 81 23 21 70 92 99 42 10 62 56 77 54 27 88 207
24 48 97 62 34 74 99 56 26 49 84 30 5 12 53 12 58 40 76 46 393
36 24 81 66 9 66 34 51 86 90 95 90 44 51 14 70 90 40 51 85 94
91 129 206 217 138 153 26 135 218 4 89 392 328 122 116 20 557 303 442 1766
