15 15
54 98 22 19 15 65 72 86 85 36 14 64 62 15 20 230
60 80 67 90 41 37 17 61 58 54 84 21 30 30 70 220
31 16 64 63 63 34 52 38 6 98 37 89 34 21 98 117
45 95 46 70 26 75 7 3 71 37 46 50 63 61 26 396
82 100 86 33 3 38 62 55 12 91 62 8 16 68 41 283
96 12 99 40 23 82 71 51 86 3 19 100 1 61 14 59
90 54 48 16 70 2 78 61 2 26 49 66 4 65 79 450
39 80 28 28 81 74 88 53 91 12 50 13 74 60 24 110
87 84 42 49 4 57 45 75 20 16 20 91 65 94 32 47
85 1 100 97 74 47 85 32 59 48 9 64 86 97 82 477
42 1 19 8 64 3 41 40 93 52 34 97 84 68 80 321
39 37 3 91 63 26 57 75 21 72 88 17 32 17 32 120
29 36 81 58 18 15 64 4 81 72 3 45 25 69 74 301
81 68 57 34 79 19 43 81 8 4 85 40 32 84 59 215
32 15 13 14 16 60 48 79 22 49 18 98 43 28 67 363
66 200 22 83 102 117 38 13 191 464 49 496 515 667 686
