15 15
68 84 64 33 41 15 67 73 1 64 94 4 5 7 35 470
64 77 17 39 98 79 52 3 35 73 78 63 47 12 39 111
18 91 39 23 90 46 82 60 2 21 71 97 82 22 2 299
95 50 79 33 28 65 1 40 84 9 87 31 35 46 1 470
61 56 85 30 62 97 75 37 35 41 82 62 43 88 16 224
17 37 98 88 61 8 33 9 99 8 50 47 17 50 93 47
27 69 97 44 77 94 41 64 45 72 74 93 42 10 43 494
37 19 2 29 10 66 59 53 60 94 38 54 80 24 1 29
8 27 95 98 68 76 86 73 54 19 79 88 40 30 14 214
39 8 23 53 70 22 31 95 19 93 4 86 96 58 37 294
85 40 38 63 16 68 5 41 42 65 92 21 58 72 52 420
26 79 57 93 11 67 99 84 49 60 62 12 62 42 83 414
39 45 67 58 100 26 4 9 54 34 32 79 39 37 50 135
15 27 31 87 26 24 71 31 85 18 17 54 26 43 17 314
96 17 89 89 89 65 37 16 68 98 19 53 2 71 65 120
228 229 82 97 225 6 342 242 85 363 330 18 250 170 1388
