20 20
63 42 23 68 30 81 91 83 18 50 32 43 5 74 73 87 3 49 81 5 30
79 74 38 15 37 96 83 17 65 39 16 88 94 55 62 5 26 78 47 59 466
7 54 61 45 43 98 1 58 80 94 46 3 28 90 94 16 7 36 72 47 347
82 13 43 25 35 69 2 43 8 62 36 20 43 49 62 10 71 34 79 100 248
33 8 68 59 65 39 94 60 63 90 37 29 56 89 89 62 92 46 7 12 457
17 84 42 17 33 86 9 71 13 58 69 28 87 63 33 53 19 36 75 27 423
53 32 24 65 37 24 29 50 66 59 21 35 69 91 33 95 46 36 60 13 188
28 59 16 39 36 78 46 31 21 60 4 83 16 46 79 83 82 57 93 87 415
34 7 34 90 2 69 37 6 52 98 30 40 74 40 31 92 85 87 65 51 38
94 49 97 4 68 10 97 17 14 49 69 94 81 90 99 13 72 75 53 35 350
64 70 17 47 42 47 46 47 13 63 48 24 23 49 47 71 64 5 38 70 79
21 2 47 36 29 13 91 4 43 43 41 62 43 47 47 50 71 25 38 74 429
5 98 36 2 89 51 77 21 80 67 64 43 49 49 54 90 91 6 80 2 131
27 25 85 94 98 74 1 56 96 79 13 13 73 50 66 100 99 62 68 93 409
91 69 32 79 29 75 26 32 78 10 29 42 79 89 71 80 36 71 60 68 309
20 56 49 20 58 5 19 93 50 31 95 38 54 60 58 32 54 34 39 34 250
84 48 16 31 78 17 61 18 66 67 82 99 70 77 37 76 50 87 78 74 56
4 3 90 89 55 31 58 74 23 70 52 25 79 42 7 30 5 39 69 36 179
35 44 13 42 2 60 63 76 27 81 35 43 22 78 68 43 66 75 92 91 23
74 2 68 63 25 70 9 40 27 3 11 67 52 36 7 78 20 22 69 92 332
143 42 266 212 62 69 15 148 180 144 207 338 195 357 216 282 264 281 774 964
