20 20
30 7 88 30 21 96 75 81 90 78 23 96 74 55 95 68 25 38 100 53 413
69 79 6 96 78 95 73 56 82 61 80 88 58 45 83 33 81 82 95 15 53
32 70 11 69 58 87 49 50 16 8 100 45 98 76 33 59 83 55 29 79 408
72 6 15 83 62 26 95 86 63 36 34 29 19 21 67 59 77 39 12 61 314
73 96 33 14 31 6 46 27 89 29 88 6 71 76 64 27 18 79 65 72 416
58 76 54 39 94 64 53 45 58 35 81 28 28 12 49 65 12 77 55 60 306
65 40 35 31 34 85 100 87 13 74 4 3 64 5 12 24 69 42 17 54 326
74 40 9 71 65 54 82 51 68 30 36 54 59 21 29 85 39 65 40 41 383
17 40 93 16 91 25 92 17 71 95 42 87 75 3 33 95 54 37 56 28 280
56 2 96 10 15 91 59 18 59 31 61 31 50 75 73 3 3 88 15 87 220
84 100 44 94 50 93 61 4 29 33 46 26 83 54 41 27 88 80 24 45 54
67 1 27 74 3 55 34 57 6 27 50 64 70 82 48 14 33 92 20 73 191
47 43 21 13 93 28 23 39 39 40 81 48 25 83 80 89 100 13 94 41 274
18 100 11 54 19 21 76 91 11 21 7 100 26 3 50 13 64 65 98 39 479
66 60 95 45 84 89 48 18 87 50 8 70 21 1 59 28 31 28 31 76 189
94 100 18 83 81 61 94 56 41 14 6 8 45 52 45 11 42 61 11 44 154
15 47 14 24 41 67 29 88 37 92 97 74 1 54 15 46 40 24 77 21 345
46 9 84 17 8 33 65 15 72 81 42 93 32 84 75 55 48 70 33 64 239
73 71 51 36 94 78 41 83 37 88 74 82 64 97 8 41 86 71 95 4 58
43 84 54 17 73 49 59 57 49 87 8 54 97 18 66 57 87 79 31 12 47
122 229 234 44 199 192 188 50 140 306 235 30 252 215 236 252 108 577 250 1290
