20 20
74 96 16 38 32 60 100 15 37 33 83 81 66 66 43 90 32 82 3 42 75
11 11 80 28 95 11 57 47 19 51 54 100 100 66 84 30 86 32 91 38 489
10 92 76 24 25 66 26 51 87 39 27 22 46 9 78 5 26 67 73 76 380
72 54 28 78 33 28 73 50 22 7 67 28 81 16 74 64 40 22 38 35 379
56 65 45 74 18 82 42 20 50 84 69 40 52 32 75 7 11 41 10 78 260
93 15 39 33 79 13 33 56 58 50 36 19 73 50 38 37 71 59 8 9 332
7 15 39 38 62 54 15 51 62 16 62 66 63 64 7 54 52 42 39 43 359
70 63 15 85 67 25 79 91 35 18 34 58 4 90 50 94 47 14 76 76 44
52 8 67 10 28 34 89 18 45 21 21 30 21 53 6 51 63 70 73 37 196
71 69 31 56 95 91 87 33 2 83 57 70 63 3 8 9 13 66 33 83 251
68 8 31 82 96 41 24 48 74 55 24 39 11 37 70 94 34 1 47 9 210
16 20 46 25 99 80 40 78 99 35 83 41 59 67 7 15 72 63 44 82 306
14 60 35 47 74 70 66 14 2 9 10 71 6 82 21 36 75 54 17 99 274
98 62 72 57 42 33 78 66 26 74 1 41 20 9 83 65 82 33 63 20 125
49 68 23 29 22 88 41 90 48 10 3 25 93 71 81 41 25 21 10 78 89
91 10 23 78 81 24 25 3 69 18 39 37 26 4 90 75 64 99 82 41 60
21 1 19 28 98 19 24 34 70 39 27 86 79 82 49 42 74 20 45 30 444
66 64 63 8 18 62 88 86 25 59 86 33 12 13 16 77 28 50 39 93 494
30 77 52 11 34 94 25 4 86 26 57 90 59 36 81 70 26 28 59 40 68
9 32 51 19 78 59 6 95 2 82 23 45 94 91 36 19 35 82 43 84 148
222 205 17 176 201 146 136 199 257 233 94 136 310 42 26 163 62 267 251 1840
