20 20
6 6 37 20 10 89 11 49 20 15 38 37 26 59 25 67 20 45 72 51 484
94 29 13 62 95 38 95 63 39 18 12 76 41 42 2 53 18 19 23 29 493
60 77 20 21 60 95 10 66 30 49 80 59 19 78 1 46 65 80 85 24 408
26 14 39 70 74 48 86 91 74 38 19 100 56 22 86 23 2 59 52 88 238
27 22 4 63 89 41 36 95 91 15 52 64 58 45 44 44 62 82 92 24 466
77 12 71 53 17 52 84 16 31 90 31 52 85 81 73 1 22 72 66 17 487
74 1 70 86 22 10 21 22 54 15 11 82 97 10 77 1 38 28 95 99 227
90 68 27 84 24 35 69 44 44 86 37 25 60 32 49 24 79 73 12 14 413
20 95 88 19 71 64 62 79 62 14 75 100 29 11 85 19 20 74 79 64 269
54 56 62 36 5 55 37 95 51 51 51 63 74 86 13 89 74 50 72 99 298
84 43 58 22 98 19 9 30 83 27 67 18 93 35 16 64 74 39 84 33 210
52 38 87 40 1 53 86 72 19 93 14 19 94 26 63 2 61 66 9 69 116
70 47 24 55 19 54 20 62 32 56 23 18 75 37 7 59 64 40 11 23 226
8 55 64 18 45 46 79 76 42 27 10 60 1 87 7 25 8 8 69 73 412
10 58 73 30 92 61 46 54 44 60 14 4 29 29 24 29 8 81 34 70 407
53 77 39 25 38 81 46 68 2 85 53 89 5 58 57 18 46 30 83 78 50
9 57 23 12 66 29 24 75 17 75 81 63 6 60 70 94 65 37 30 57 390
49 62 52 24 5 38 93 23 71 31 89 35 12 2 65 1 92 86 7 14 167
33 84 71 82 22 100 54 56 32 67 69 48 81 96 24 98 20 88 89 4 453
97 58 43 74 2 64 21 99 57 12 47 32 31 11 80 23 58 4 7 15 234
58 142 150 326 275 354 269 116 381 280 80 257 358 485 405 30 71 421 342 1648
