15 15
94 98 36 60 56 56 16 8 78 31 16 98 74 4 81 382
73 18 50 51 33 67 95 27 28 59 23 97 46 40 60 71
74 97 84 41 16 36 100 82 24 32 58 65 60 69 25 36
48 97 76 40 51 62 76 42 47 56 42 10 5 4 85 136
29 14 62 37 63 48 25 77 89 64 98 100 1 74 100 226
78 79 45 18 9 52 99 34 75 33 11 17 24 15 91 212
85 70 86 37 47 20 8 93 99 77 2 93 19 88 87 49
22 97 21 38 9 99 17 45 82 85 10 78 71 75 65 218
51 55 79 85 27 71 91 49 69 96 23 77 55 91 9 236
94 3 47 61 66 95 88 35 59 92 40 25 82 81 80 443
66 37 81 91 85 28 43 56 42 74 65 65 86 81 59 154
7 52 63 19 95 26 87 93 63 50 8 99 34 31 64 362
99 90 36 44 96 95 41 3 66 47 31 35 58 79 84 411
41 44 9 92 60 21 18 5 44 22 4 2 31 32 7 179
37 16 3 17 26 32 47 39 57 62 74 58 33 13 93 323
149 157 136 57 9 258 207 97 260 156 388 161 244 18 1141
