20 20
7 3 20 70 50 100 71 98 22 73 58 37 20 100 9 96 45 30 22 49 139
21 81 96 17 14 56 69 26 38 80 3 4 81 34 1 21 96 97 39 5 449
3 38 49 12 44 18 49 59 40 37 79 63 88 62 88 78 20 55 49 76 186
95 16 50 49 62 72 94 69 39 81 66 22 85 27 88 36 9 19 96 57 120
37 36 45 20 11 53 62 73 73 68 72 89 74 44 54 3 86 55 92 72 493
84 24 38 31 30 82 73 69 21 15 47 29 20 3 59 24 83 87 52 14 233
31 74 6 83 36 95 43 99 89 25 1 35 4 38 23 29 87 45 79 26 182
12 30 4 8 67 79 43 4 50 64 3 41 94 8 51 15 99 30 98 31 433
92 20 26 70 32 3 19 79 23 40 74 84 39 92 17 77 67 81 89 94 189
47 50 29 28 8 89 98 51 68 39 5 19 17 67 67 4 72 59 69 25 124
77 89 49 43 100 49 79 27 49 25 6 18 54 57 46 33 79 57 53 76 35
34 94 26 93 17 12 4 43 34 1 1 56 52 70 83 86 24 24 92 76 480
25 5 62 36 88 19 90 30 54 8 57 8 82 61 82 49 38 50 96 78 307
15 84 2 26 79 56 19 20 11 61 49 90 9 85 56 29 77 54 66 81 260
30 17 58 81 53 68 80 52 54 36 31 100 3 7 28 4 32 9 69 48 53
51 50 82 50 73 29 62 14 16 52 68 79 90 9 95 21 29 7 48 31 408
10 17 70 68 63 76 13 58 98 28 50 4 34 86 23 24 5 6 63 78 285
55 1 26 58 21 40 100 55 12 19 32 67 69 88 69 86 7 9 22 21 15
64 91 24 51 49 13 76 14 97 13 51 90 85 73 27 9 52 63 81 7 259
11 74 91 61 61 45 99 84 7 12 49 19 50 38 70 1 42 96 77 32 16
140 94 131 171 225 240 240 215 258 82 22 152 249 203 199 106 6 482 29 1422
