20 20
33 78 37 58 78 16 66 50 39 66 66 89 79 17 2 45 72 50 14 89 230
81 100 83 32 10 86 95 60 17 21 74 75 66 36 20 71 34 21 20 79 496
55 74 92 100 35 70 77 51 27 92 9 60 27 81 38 41 89 46 16 58 110
79 80 1 11 53 59 74 33 89 43 95 56 45 41 39 88 62 75 72 25 448
96 83 3 19 93 64 9 2 53 47 12 81 81 36 67 32 57 89 34 55 117
80 7 83 22 21 4 87 38 64 36 66 11 20 27 50 58 16 2 39 83 176
92 69 89 55 98 66 55 1 47 23 44 43 42 51 61 92 19 62 94 53 402
18 25 18 71 3 49 98 31 60 99 50 9 74 94 17 42 21 57 53 88 417
90 5 22 78 15 17 52 58 99 32 87 82 85 86 50 25 83 49 35 88 163
39 95 26 10 4 44 49 87 38 11 15 74 52 51 25 75 1 86 47 44 258
70 46 99 86 49 3 82 85 30 18 54 77 48 7 49 99 33 22 38 19 209
34 51 8 93 18 30 13 25 59 59 12 22 74 80 90 80 57 14 74 55 241
77 58 90 67 30 52 96 17 64 17 58 2 99 27 3 22 77 29 4 82 237
24 20 58 22 90 36 13 32 18 39 66 21 34 59 16 30 14 28 36 86 398
7 99 54 17 92 46 8 9 94 25 71 9 46 5 83 17 33 27 57 27 287
43 1 91 14 73 51 60 87 74 90 81 43 53 78 60 80 60 62 93 32 490
94 90 46 66 85 90 3 42 61 58 47 30 17 33 90 34 46 20 26 96 43
25 50 41 23 16 14 20 48 21 10 42 87 24 73 98 24 86 72 32 69 406
25 100 67 58 61 22 37 49 5 22 52 36 50 88 14 29 42 46 80 74 54
46 89 50 37 30 89 28 84 57 78 23 18 63 66 66 93 18 9 88 21 461
156 58 168 221 115 140 305 36 163 325 144 130 41 118 218 509 287 437 937 1135
