20 20
37 4 68 32 22 27 66 11 62 57 26 29 56 25 51 95 21 12 59 87 69
33 18 36 74 90 75 27 79 71 19 59 79 3 49 83 8 85 18 67 27 415
86 41 3 67 11 94 48 20 72 27 87 39 71 94 45 64 66 34 58 40 262
12 25 100 50 26 69 52 13 74 28 74 72 28 97 34 94 89 5 57 17 406
55 97 91 40 30 58 89 71 36 81 23 77 28 84 67 27 96 84 80 82 78
16 32 56 66 82 73 87 54 71 100 5 21 73 75 37 58 14 89 18 76 499
55 47 50 20 62 15 21 44 72 62 20 13 49 76 58 65 56 100 75 70 124
1 37 98 82 87 70 6 33 17 58 65 63 66 54 31 41 8 73 84 35 112
23 24 9 12 88 87 94 63 40 70 54 63 89 67 27 73 37 10 38 29 65
83 26 66 2 68 1 59 39 33 99 96 77 95 83 49 67 71 6 97 43 84
99 59 78 71 64 95 33 69 27 53 64 56 82 81 76 56 16 87 78 50 30
14 33 68 71 44 41 78 37 61 54 30 39 8 15 23 30 34 87 27 18 486
16 79 15 62 27 80 10 82 75 82 40 86 21 77 52 57 51 85 50 65 29
31 27 84 93 17 58 96 11 21 63 40 86 13 33 35 38 7 77 25 43 187
73 42 89 71 4 55 22 92 73 29 90 76 3 96 59 2 91 27 88 91 397
64 64 98 99 23 22 100 79 92 43 75 62 44 80 65 94 76 42 14 76 298
87 62 33 3 22 55 59 71 95 21 40 98 31 79 88 49 34 65 50 10 303
44 80 51 14 93 30 34 93 91 71 55 45 13 23 18 46 69 63 10 56 344
88 7 68 3 11 1 25 68 87 93 62 17 33 56 57 56 74 42 38 36 16
33 11 29 81 51 63 36 3 63 66 16 84 8 28 3 39 40 45 17 25 49
85 24 170 209 93 33 185 211 138 87 251 279 107 28 324 300 124 398 233 974
