20 20
41 85 37 65 67 91 85 23 44 45 91 13 38 59 1 41 93 65 1 63 436
21 63 45 45 8 73 27 17 41 19 36 23 84 12 45 73 17 55 50 38 293
93 5 82 2 46 87 23 97 43 79 37 20 60 57 93 78 78 78 66 85 16
79 42 11 92 34 63 74 10 88 26 64 62 88 55 99 17 9 59 15 25 330
42 11 100 12 96 31 88 47 44 41 92 13 9 91 83 73 46 87 62 14 31
26 49 92 91 84 18 28 70 1 26 97 75 81 90 3 5 95 9 45 47 179
62 43 56 4 67 29 44 16 1 56 42 9 38 81 96 82 74 2 20 22 452
97 21 40 98 14 11 55 55 43 86 4 40 2 72 66 45 51 95 59 82 490
27 59 73 99 9 18 54 25 88 70 36 27 39 53 52 3 60 50 95 80 113
99 21 26 83 90 34 17 2 72 87 4 93 31 100 35 8 36 56 40 2 96
89 41 39 81 65 14 33 16 42 69 14 50 15 57 84 48 23 60 60 89 363
80 54 83 57 26 81 45 87 81 78 76 76 24 47 94 88 59 18 93 39 339
71 68 45 84 48 98 82 94 53 94 19 12 14 3 8 56 49 2 3 95 124
55 14 22 60 31 25 27 76 4 38 74 32 19 67 87 56 39 8 63 7 166
48 97 80 80 68 19 57 84 99 47 53 98 17 10 22 36 45 58 36 32 179
77 83 79 59 97 45 70 94 69 93 42 98 27 73 97 2 4 79 52 63 486
72 21 86 72 92 23 92 62 15 36 15 88 71 13 10 73 42 36 90 52 387
25 89 5 9 43 26 23 38 20 92 89 40 95 7 38 56 48 89 40 37 288
94 54 40 81 60 36 75 32 88 93 29 10 91 68 79 2 73 6 42 72 274
55 91 18 64 54 78 64 81 6 77 46 83 30 53 96 17 16 85 68 77 218
156 180 146 277 27 215 160 192 203 237 167 211 228 216 340 445 322 58 639 841
