15 15
60 50 72 61 2 55 60 3 11 43 16 72 74 80 3 77
91 37 53 43 57 46 62 91 78 33 80 27 65 20 22 355
18 27 97 29 65 82 74 12 88 81 10 53 32 36 54 265
1 24 83 28 13 87 59 74 43 6 2 57 35 64 94 481
97 55 11 22 16 5 20 45 88 59 68 22 83 86 19 87
97 34 32 41 12 87 57 79 81 27 61 39 58 69 42 63
24 19 64 44 15 79 77 27 87 9 45 99 90 51 77 191
24 52 74 39 96 61 23 1 44 24 22 49 12 54 89 366
28 2 52 85 72 93 67 37 94 77 81 50 59 59 79 230
68 89 15 39 36 42 6 12 74 87 99 66 7 58 71 293
44 12 82 84 62 48 99 8 12 60 93 94 32 76 85 41
10 4 5 48 54 66 45 83 64 42 52 58 71 93 50 171
96 13 100 14 51 41 54 25 98 2 89 74 25 4 43 77
89 51 98 8 67 84 52 47 99 28 42 95 15 8 37 307
87 26 3 84 15 60 57 60 80 51 72 65 40 76 7 329
210 59 16 41 146 179 104 94 75 148 329 156 393 273 1110
