20 20
50 85 100 37 96 21 56 35 65 17 9 81 18 41 91 91 36 19 12 66 52
53 73 96 61 73 29 91 17 6 8 75 17 49 82 76 53 71 57 37 83 113
50 92 7 32 73 15 91 35 93 48 51 93 95 14 95 21 70 2 79 43 219
40 30 15 53 55 12 65 27 31 28 60 80 60 35 84 46 75 36 19 100 359
8 8 72 9 78 99 100 79 79 63 98 76 74 44 17 45 63 52 22 87 292
87 15 93 86 14 4 93 80 65 46 40 59 18 46 12 89 77 84 62 46 52
26 5 37 95 59 94 51 24 36 91 14 1 15 84 90 79 83 100 6 41 122
11 60 26 97 52 34 48 80 33 60 38 68 35 34 26 44 64 47 60 88 226
98 27 60 9 24 51 86 18 9 44 50 16 54 4 97 35 50 97 36 56 151
5 24 39 83 22 19 30 7 25 79 28 55 91 56 45 71 20 89 71 54 39
84 19 3 16 27 20 91 30 13 81 63 87 11 18 85 10 20 100 52 51 432
33 20 36 6 11 38 8 53 63 46 35 57 41 73 57 67 5 1 90 13 448
10 37 57 2 8 5 100 51 85 41 23 60 77 7 43 24 58 75 66 26 474
33 68 46 62 99 44 31 69 8 72 49 42 92 36 49 82 46 49 57 96 466
69 35 78 51 52 54 50 48 63 84 34 90 25 88 3 9 88 13 14 95 105
71 16 24 85 49 15 90 71 29 67 88 94 1 86 24 46 70 5 62 43 270
27 8 29 31 80 3 65 8 89 58 42 79 89 37 3 60 81 63 48 52 355
35 39 53 66 43 40 80 97 96 37 6 89 17 69 86 28 20 1 98 71 400
69 73 88 54 41 91 24 80 88 47 49 74 68 77 68 93 30 82 10 39 339
71 14 4 46 29 41 47 12 72 79 73 16 30 97 87 72 31 50 78 40 346
29 259 17 260 223 242 135 35 304 112 126 123 375 159 234 478 51 149 201 1748
