20 20
36 31 57 62 100 32 22 83 58 13 54 3 15 5 46 1 99 65 70 55 39
63 32 59 70 20 16 47 20 19 94 87 25 24 46 100 1 60 79 80 62 342
52 57 23 91 72 64 59 99 37 15 79 31 97 52 57 83 33 88 67 75 310
12 36 62 33 97 72 15 89 57 1 43 86 80 98 67 12 46 15 40 19 292
45 91 12 70 48 1 90 63 92 87 45 47 18 87 99 17 54 50 71 4 447
57 97 78 40 83 54 80 70 77 60 27 18 19 72 40 87 42 39 32 42 216
4 90 88 93 58 48 56 96 95 1 87 69 40 53 24 39 83 53 47 82 396
6 80 17 90 99 76 32 41 22 12 96 89 88 7 18 16 21 87 92 11 360
81 86 75 62 35 69 80 13 66 87 86 86 72 41 70 55 65 60 58 44 93
45 100 6 72 78 2 72 82 28 59 70 41 31 32 90 53 79 26 55 81 59
41 57 51 31 87 31 76 69 5 45 21 45 1 86 44 33 31 14 85 97 347
32 48 77 44 63 33 98 74 86 69 26 83 38 32 78 95 60 34 87 84 264
20 82 28 82 58 40 92 46 66 71 71 88 69 79 44 19 54 21 35 69 356
80 29 32 70 1 31 74 50 18 23 13 78 28 81 87 25 96 26 83 23 429
4 100 90 33 45 87 55 86 51 31 31 31 84 88 60 48 38 52 16 21 232
31 89 47 56 22 22 66 94 51 36 10 39 42 46 54 71 98 53 50 11 24
45 65 23 19 97 9 6 80 13 34 14 23 93 100 40 94 48 49 28 32 102
25 93 80 9 50 8 95 97 5 70 44 18 31 93 65 100 97 25 8 15 95
21 68 53 36 42 18 60 14 56 99 44 11 68 82 43 76 57 56 23 83 78
16 87 86 8 76 27 16 3 9 35 100 98 12 98 6 47 99 42 45 91 160
182 93 205 188 148 220 137 191 9 152 293 158 93 355 57 60 389 137 756 818
