20 20
62 88 52 52 89 86 66 30 81 14 91 1 65 45 69 93 65 82 63 4 40
80 65 24 24 60 10 32 38 50 16 46 8 46 28 50 30 64 74 36 35 440
16 86 21 75 86 2 87 74 62 22 32 8 80 45 63 81 25 19 43 75 127
13 11 17 62 37 42 78 70 57 82 27 44 27 63 80 27 4 89 29 50 159
83 78 50 90 92 52 37 25 61 83 39 28 33 87 4 53 60 29 85 89 115
50 42 27 35 40 83 18 89 97 60 74 34 59 33 28 28 17 79 16 40 432
20 57 37 56 75 49 39 63 39 48 51 73 13 4 84 14 5 58 60 34 268
72 15 43 69 31 50 28 20 22 16 33 88 66 73 85 16 6 65 20 63 472
72 14 84 57 85 55 62 79 18 3 28 53 63 6 74 60 42 11 20 13 477
7 88 3 30 92 59 76 81 64 88 54 42 93 4 1 33 14 51 99 82 112
28 90 73 30 87 90 4 49 30 9 4 98 39 69 94 14 31 30 35 28 36
67 2 19 37 45 30 30 91 91 100 51 57 29 6 88 38 93 95 32 13 178
30 57 53 48 99 11 95 62 68 2 18 40 96 37 4 40 49 11 21 95 259
54 91 57 19 43 58 88 55 13 44 55 10 71 44 23 64 72 10 17 95 76
96 78 36 81 43 17 50 22 18 15 37 68 84 42 3 18 68 3 44 1 469
48 23 25 89 55 32 52 7 32 65 93 6 76 13 14 88 32 20 100 50 492
10 22 10 66 54 55 82 68 72 76 73 37 75 37 54 72 78 73 39 58 354
73 8 48 91 26 81 73 88 67 20 52 78 58 42 39 58 62 6 51 1 42
56 23 40 87 33 54 15 78 49 59 86 90 49 3 100 7 9 27 9 43 201
14 33 62 90 44 48 70 90 7 13 70 1 45 64 53 10 37 43 73 60 377
252 54 104 112 161 241 292 234 211 45 191 11 220 257 256 119 355 359 682 970
