15 15
39 58 52 56 3 62 6 80 19 88 78 11 21 20 97 212
34 94 23 80 99 27 1 68 94 23 95 37 13 93 10 271
7 76 28 74 45 87 2 72 18 7 71 77 10 33 69 203
50 51 12 92 73 15 63 82 16 84 25 42 47 15 48 267
15 76 8 12 2 25 10 21 87 65 51 82 34 29 98 24
2 74 27 17 81 98 4 96 6 94 94 15 9 56 58 157
2 93 9 38 91 30 63 82 65 17 93 61 37 45 7 449
20 39 34 88 40 59 81 45 56 18 78 8 18 55 56 425
74 52 73 39 67 70 94 70 22 44 75 3 62 82 58 100
27 10 74 99 97 71 8 18 41 33 22 86 6 5 81 13
30 77 93 66 57 62 21 55 66 84 74 92 38 2 11 48
41 56 77 100 94 78 58 35 38 70 78 19 63 35 57 338
63 28 53 88 68 7 74 90 1 67 63 36 76 46 32 61
7 99 79 33 96 67 49 55 71 21 26 74 53 85 98 76
92 26 66 84 47 77 86 40 87 80 63 6 61 13 36 192
141 112 76 127 22 123 65 77 113 235 5 110 32 464 1134
