20 20
17 6 20 35 63 45 70 84 47 65 99 77 80 10 55 47 75 89 64 34 422
86 87 53 17 47 75 24 10 99 81 33 36 8 22 41 53 54 46 10 94 422
72 35 33 87 32 71 99 4 98 27 61 31 9 35 18 48 50 55 59 93 417
46 79 59 59 16 67 66 9 89 63 29 62 64 30 69 82 57 68 17 79 445
13 43 52 11 34 49 73 29 68 53 10 64 99 31 20 20 76 70 43 99 48
16 27 99 60 45 44 79 7 44 13 55 9 54 81 97 1 18 54 67 14 11
40 91 38 87 65 25 93 51 99 79 66 19 44 70 92 45 60 68 42 31 371
4 52 60 93 11 9 64 8 21 4 98 83 97 64 97 69 82 29 64 36 477
12 92 24 86 89 81 32 92 89 67 94 54 57 81 38 46 19 78 87 76 40
86 85 26 96 59 98 87 68 40 42 17 98 11 49 51 86 64 12 49 26 302
5 60 78 7 39 22 59 60 64 15 53 18 31 97 48 49 73 6 82 40 27
66 8 18 19 95 57 93 41 10 67 63 4 19 87 94 79 22 5 61 68 294
62 40 44 56 85 68 9 56 91 34 41 67 55 99 95 95 9 18 61 83 27
94 9 95 35 41 46 5 74 61 77 61 31 69 88 69 38 44 78 75 22 171
49 18 20 100 29 95 87 56 76 3 74 18 100 16 34 77 7 10 92 77 79
81 16 94 82 9 76 78 51 37 23 8 65 28 68 37 34 4 6 75 47 362
91 52 71 56 96 42 70 14 1 29 11 67 14 47 40 62 68 31 3 41 170
49 93 94 56 50 13 25 12 23 21 4 27 64 20 80 2 40 19 48 83 113
83 21 86 33 14 49 35 59 85 14 52 41 45 51 64 94 31 62 56 3 154
72 34 70 51 44 64 46 82 28 74 71 86 90 91 21 1 19 76 46 72 31
16 26 209 20 77 169 206 93 4 156 266 296 25 42 373 324 404 471 203 1003
