20 20
57 13 22 61 7 66 35 80 53 5 64 33 48 47 38 78 94 69 4 47 110
92 60 56 24 10 66 37 19 67 49 14 45 42 33 82 47 68 95 33 65 473
65 45 58 50 46 96 1 84 53 73 11 30 87 8 59 83 43 67 93 70 287
17 2 15 12 48 7 10 61 31 1 12 18 24 18 83 47 59 67 58 56 193
21 41 67 40 20 44 21 73 84 63 32 95 82 35 37 80 47 87 91 88 100
19 78 64 49 16 73 67 6 10 55 60 89 24 61 30 73 17 40 73 86 372
76 100 30 15 2 99 53 59 29 83 56 11 49 34 3 67 57 28 69 73 262
75 84 89 62 10 53 3 13 12 34 78 99 71 7 69 55 82 54 63 91 280
34 51 77 66 68 85 52 43 94 86 6 84 77 10 47 15 48 21 28 17 415
38 28 95 8 90 49 20 98 86 18 87 70 14 60 90 26 61 61 53 22 151
57 34 51 3 80 41 27 1 93 3 21 67 20 40 1 82 73 47 52 13 209
93 89 43 23 69 56 89 85 89 75 96 4 45 66 65 23 55 75 18 58 348
98 53 3 43 35 26 87 31 25 37 98 84 77 3 3 60 48 2 78 65 346
59 58 86 14 62 32 43 89 63 44 48 21 42 90 51 32 48 59 46 50 499
99 7 8 86 17 27 44 85 99 64 47 46 73 100 67 37 10 82 40 48 416
90 57 98 38 77 48 41 41 67 41 57 73 49 52 6 54 43 7 12 39 190
96 74 67 33 54 71 63 63 53 72 59 81 71 33 33 57 60 63 81 94 240
92 53 48 40 23 60 11 55 76 74 73 15 19 76 53 70 73 20 42 75 163
99 71 46 13 62 53 52 82 54 75 92 7 44 40 74 30 6 31 5 62 311
3 63 30 84 76 25 83 32 10 73 61 92 44 68 30 50 70 39 46 30 176
75 8 14 112 212 85 161 57 283 238 106 305 220 432 319 483 413 180 584 1254
