15 15
37 52 37 41 60 75 93 17 13 2 38 63 46 90 91 157
36 2 74 36 97 68 76 62 59 83 70 44 40 94 22 136
69 8 26 41 99 27 57 9 2 9 70 19 59 83 98 394
82 81 48 35 90 18 68 48 42 8 60 25 31 35 96 66
13 51 95 75 51 98 57 99 60 43 99 33 78 53 4 173
88 49 58 27 69 21 90 44 93 61 13 11 33 54 48 426
53 34 41 91 86 25 16 32 50 52 12 14 72 90 19 338
25 77 96 11 21 37 60 26 96 4 5 36 50 46 98 113
82 66 27 62 95 33 31 1 57 80 47 35 96 73 40 307
86 2 28 59 23 35 13 21 47 90 35 67 22 51 70 249
43 12 36 12 61 97 86 14 34 91 25 10 27 30 36 55
82 54 18 87 32 56 52 83 17 2 54 98 15 2 27 32
25 95 17 5 36 18 34 77 77 63 40 6 91 99 50 64
37 30 75 94 89 100 5 80 35 10 11 38 44 32 11 225
45 26 73 10 27 44 7 44 63 34 56 92 1 88 28 465
4 181 167 65 153 27 145 267 217 58 61 428 73 307 1047
