15 15
48 43 42 24 90 56 78 90 26 23 65 25 35 41 25 127
63 7 93 24 4 89 72 24 6 64 29 94 47 31 38 402
82 55 38 13 2 22 11 51 57 67 45 95 57 38 7 273
20 43 25 60 58 35 12 86 11 9 90 98 59 48 46 370
92 69 3 63 22 76 65 58 3 25 40 35 2 2 43 161
6 49 25 5 43 55 66 63 22 92 33 90 64 14 7 452
25 89 71 83 83 55 13 84 75 42 28 33 87 19 45 236
54 78 86 95 90 88 11 40 14 77 21 50 29 11 41 182
57 71 47 69 78 40 8 13 24 28 94 11 85 56 21 350
97 35 45 17 98 93 65 5 70 47 47 31 70 97 35 146
68 49 79 10 71 37 19 10 43 4 86 79 82 80 39 458
26 21 11 19 10 61 34 61 95 94 24 58 60 26 86 47
60 82 89 48 58 42 2 5 92 13 11 27 65 9 73 78
36 47 23 83 41 36 34 79 89 79 56 1 90 15 77 429
83 55 12 74 94 39 74 57 78 73 38 59 78 65 46 311
193 230 187 187 218 183 308 87 111 270 249 156 126 698 819
