20 20
77 84 95 44 9 58 4 66 41 9 59 61 25 79 14 47 89 44 69 90 25
90 82 23 94 49 67 46 46 25 48 43 99 5 78 8 48 10 90 52 31 399
99 78 73 67 50 71 33 54 20 19 34 9 8 33 54 14 30 73 13 43 476
44 16 57 64 90 39 69 54 24 1 48 33 5 77 29 34 97 58 37 97 373
24 100 74 10 23 74 62 65 57 7 34 76 68 80 79 95 11 50 59 57 375
48 49 67 15 83 50 74 15 79 9 49 5 34 79 18 88 63 88 30 42 90
85 27 23 56 85 17 5 71 68 18 40 2 40 97 93 95 29 98 59 59 495
63 77 13 6 41 62 67 60 14 100 1 77 87 34 37 53 98 52 22 76 115
86 77 88 45 62 31 26 54 88 67 26 18 72 87 90 48 63 13 43 93 435
12 16 68 30 50 28 69 63 38 75 38 41 2 33 97 66 28 27 53 34 377
42 17 78 21 99 91 92 10 8 62 72 2 13 76 67 68 27 11 81 36 345
57 51 32 4 24 50 52 93 39 79 97 25 61 28 14 75 99 59 24 71 130
93 6 69 99 87 41 51 78 53 18 38 14 98 20 19 35 12 51 20 17 18
53 20 70 16 55 58 63 29 97 31 48 87 80 41 20 56 12 63 62 60 117
35 15 10 28 73 44 17 43 17 40 18 94 6 15 9 91 40 18 87 92 385
91 17 25 36 99 46 17 82 33 39 97 77 96 74 56 24 38 69 14 34 86
12 22 29 49 23 43 65 64 97 76 77 33 3 24 4 97 76 81 40 81 316
99 6 47 31 14 54 8 42 40 48 76 49 43 13 91 47 13 27 25 14 280
21 89 98 3 72 66 62 26 12 44 26 9 90 12 7 80 39 39 23 52 363
9 35 83 26 49 3 4 25 82 26 54 27 52 71 64 91 53 53 35 60 181
82 106 43 204 160 198 140 25 10 30 270 97 152 484 490 264 149 189 775 1513
