15 15
82 94 78 81 56 91 23 53 46 91 89 43 24 87 43 47
2 39 48 65 14 26 100 98 24 41 30 44 79 83 74 313
20 60 54 96 20 31 36 73 45 56 31 72 38 3 27 30
87 94 24 64 24 3 86 95 35 96 89 70 88 35 80 466
8 49 72 75 54 36 42 89 82 39 97 96 33 16 9 350
73 98 21 68 29 48 34 81 53 1 22 12 23 76 4 264
73 85 74 87 30 50 16 27 1 67 14 49 75 57 34 467
4 90 40 82 85 18 51 10 7 13 96 67 38 53 9 43
41 25 22 89 65 61 86 36 57 99 90 12 55 71 65 129
77 32 13 16 41 27 10 37 35 67 4 33 95 20 55 417
95 38 64 77 20 59 76 49 59 54 64 9 95 24 46 193
64 51 60 69 39 18 15 83 89 24 23 43 4 7 36 268
20 94 49 26 50 36 78 7 71 79 5 91 36 94 69 486
19 18 55 78 90 47 82 8 10 31 65 29 96 3 84 88
36 45 44 17 1 84 56 94 25 67 100 81 87 97 39 73
32 121 148 269 89 50 131 57 72 3 115 128 660 489 1270
