15 15
24 25 37 34 98 6 8 1 55 26 15 52 16 41 59 282
77 20 21 54 99 87 26 29 96 80 74 36 54 50 2 180
4 41 70 34 12 88 53 84 39 65 79 48 49 32 2 350
9 55 58 6 83 98 71 53 40 23 60 72 56 58 33 311
32 67 68 30 73 17 10 8 84 28 27 21 31 11 28 281
4 82 60 38 6 27 70 36 96 43 15 53 2 73 55 211
89 31 3 62 42 21 75 58 29 45 70 85 70 55 56 478
93 28 18 61 8 75 65 27 44 42 89 12 78 75 39 459
55 90 53 37 50 94 82 37 68 92 96 83 55 44 50 373
1 81 40 27 90 30 49 7 42 86 13 64 1 22 13 437
18 89 72 26 83 8 39 31 19 51 43 79 59 51 90 464
76 40 9 73 52 73 79 70 40 26 30 25 35 93 59 117
80 67 60 69 30 93 9 59 45 12 43 81 75 49 90 233
6 10 41 61 51 83 78 25 17 99 8 82 25 88 39 33
25 22 20 69 33 91 61 60 84 4 18 42 32 69 93 38
198 285 199 5 64 315 170 300 211 306 256 322 4 330 1282
