15 15
41 16 48 86 97 94 14 6 32 23 83 24 43 46 50 49
17 39 29 29 90 99 58 93 56 57 48 18 31 42 54 312
58 1 97 64 20 79 34 71 5 17 77 81 74 15 48 226
65 97 68 29 81 97 20 16 78 43 90 67 89 18 36 396
44 76 9 39 21 26 1 83 30 82 43 52 22 42 50 26
69 60 22 47 15 50 44 33 3 69 70 59 64 11 92 429
27 75 71 62 75 71 70 33 43 27 22 74 99 6 1 294
30 7 65 24 36 41 53 91 30 4 43 30 8 77 43 286
79 81 72 22 75 15 68 60 85 47 73 83 32 74 35 228
89 88 56 11 67 93 60 94 47 98 14 72 2 79 35 230
97 77 49 1 68 44 36 28 7 34 21 69 48 14 32 334
95 86 71 16 87 67 12 88 70 48 56 96 13 78 68 334
56 72 71 31 59 52 54 54 30 95 37 36 32 23 95 47
5 83 50 19 84 34 48 9 26 47 88 87 45 2 7 57
10 100 1 61 97 1 59 100 57 14 90 21 31 94 90 253
14 146 115 40 232 292 243 234 158 60 321 356 427 60 803
