15 15
13 78 26 57 31 19 35 44 70 80 25 65 27 27 96 340
86 18 84 95 13 19 11 81 50 61 80 47 1 96 6 92
4 35 54 11 73 75 40 56 74 37 54 45 76 22 14 37
81 9 66 20 43 67 28 51 51 17 82 8 3 61 46 373
34 22 37 36 93 26 44 62 86 18 85 89 17 51 11 260
13 40 6 45 67 95 51 14 42 67 84 34 65 81 75 130
44 34 43 60 86 62 34 74 13 56 6 51 19 83 1 163
11 7 84 70 11 80 37 46 17 64 9 97 60 28 31 439
8 36 26 12 25 96 62 8 83 6 13 72 50 46 73 89
98 15 26 29 64 11 35 7 43 65 35 55 15 51 55 310
71 86 87 89 79 68 38 91 77 10 61 6 64 43 29 423
71 77 16 71 52 76 13 82 56 6 50 53 16 100 58 198
81 43 56 86 64 47 30 77 87 9 65 42 2 45 45 291
2 23 90 28 72 62 90 99 19 35 39 19 77 86 52 425
20 46 86 18 8 61 62 73 42 50 42 35 82 78 96 496
79 97 152 134 299 111 263 263 165 131 263 389 200 318 1202
