20 20
21 39 32 78 15 63 1 56 78 70 62 90 45 49 67 13 56 42 37 71 23
37 22 25 69 39 78 15 43 26 42 4 96 67 28 14 90 56 73 71 60 271
61 29 64 61 39 92 81 81 22 37 41 63 43 43 74 93 94 64 25 12 181
67 50 50 19 71 65 9 34 36 84 79 11 85 16 5 80 96 14 23 47 356
33 5 67 42 73 31 3 30 31 69 29 34 73 97 28 7 34 17 65 31 438
87 87 44 34 31 85 74 23 47 60 33 81 100 49 79 73 47 82 70 88 82
32 94 23 78 10 35 34 45 72 47 64 15 8 68 58 84 46 85 26 37 95
18 26 76 46 9 43 74 70 96 19 28 94 2 42 43 9 75 36 1 100 61
92 82 26 23 16 34 63 55 31 84 52 42 41 89 75 60 49 88 94 55 368
34 22 42 36 96 33 34 53 8 72 82 51 81 1 84 52 3 89 12 23 239
19 98 26 95 53 47 9 47 2 19 47 68 65 98 50 94 13 54 99 98 51
41 74 82 22 81 46 42 38 51 85 94 56 34 45 80 100 86 12 2 16 249
66 41 22 94 64 97 59 69 25 59 55 2 93 2 54 4 57 83 66 14 34
29 82 86 48 21 98 97 64 71 5 9 95 5 19 66 59 33 85 24 28 492
25 17 21 98 70 20 90 50 41 91 99 47 53 100 48 48 99 54 16 84 239
2 66 79 48 76 23 27 25 88 68 99 68 67 13 9 21 3 24 28 31 328
3 100 45 56 88 9 13 92 25 4 34 48 19 95 86 65 76 9 14 89 426
18 59 29 23 77 20 42 49 19 33 70 92 32 62 29 67 11 26 51 90 444
57 100 46 63 30 22 9 69 58 90 17 38 3 81 5 32 67 40 86 21 72
72 74 43 31 32 44 76 48 21 41 37 17 42 96 76 18 86 72 62 89 190
39 219 182 191 115 97 11 169 277 68 131 65 50 259 127 193 341 548 614 943
