15 15
30 36 12 47 40 67 41 46 90 39 56 98 91 39 82 302
98 68 33 78 79 49 4 91 6 75 67 77 90 68 53 301
12 45 41 82 21 45 38 59 24 21 71 48 68 93 83 337
99 89 17 65 13 31 88 71 31 75 73 61 7 76 76 207
70 29 69 66 54 71 9 95 47 96 36 1 85 20 61 123
23 19 6 94 71 75 39 86 1 76 61 21 32 57 40 409
2 48 89 83 51 5 35 93 11 23 98 25 82 27 74 404
76 49 73 4 86 44 72 38 87 3 23 48 76 74 63 21
95 3 33 20 29 6 46 51 60 85 76 84 86 4 31 224
92 27 20 29 92 53 82 65 4 72 92 31 65 4 85 403
84 98 77 5 32 71 52 63 75 87 9 53 28 77 59 381
47 4 88 22 44 63 19 58 90 63 55 80 100 25 82 449
8 62 27 87 48 33 39 74 72 87 20 51 61 71 75 380
55 18 67 8 5 86 61 51 17 44 57 47 60 30 93 273
53 72 83 100 31 26 76 77 41 45 42 37 43 72 63 207
107 91 218 7 294 285 302 254 196 418 133 232 569 7 1308
