15 15
54 6 69 14 17 24 33 33 72 83 57 44 85 58 98 149
39 97 61 93 25 50 17 26 36 85 14 24 22 2 57 210
62 87 7 30 57 94 99 35 91 86 74 93 16 68 98 99
20 64 62 75 59 45 95 51 26 36 37 51 51 39 12 76
81 72 1 79 15 46 13 5 78 3 52 94 67 97 27 38
55 20 41 55 58 33 19 11 38 66 46 91 93 90 52 498
75 93 61 83 44 97 82 97 66 90 37 56 61 11 59 232
96 14 62 79 83 42 22 64 25 20 75 67 26 24 94 234
10 3 55 83 43 54 75 8 7 67 89 38 70 28 62 329
67 8 12 56 82 51 12 35 1 41 1 90 31 27 61 296
5 95 45 48 82 87 9 95 14 9 65 91 4 2 93 301
54 68 70 3 50 98 84 69 78 49 76 64 37 87 76 27
56 15 57 85 67 31 70 33 13 87 28 3 85 21 30 278
4 72 10 82 15 24 13 62 67 86 53 59 59 91 85 234
63 29 53 61 12 46 1 84 29 36 92 3 2 62 25 280
19 22 13 67 34 304 46 247 53 152 353 236 525 158 1052
