20 20
82 74 55 85 27 69 6 93 78 92 37 24 4 36 6 99 78 26 17 60 144
40 54 84 19 19 24 66 71 25 2 55 22 78 85 82 64 61 21 40 44 467
28 3 31 50 16 8 77 1 57 35 37 5 1 54 36 85 47 86 89 97 464
91 90 23 75 86 59 63 92 91 41 20 37 70 36 26 77 27 68 77 14 166
8 39 71 11 79 41 63 1 87 93 40 20 31 93 45 67 84 14 86 15 108
17 38 73 78 56 29 11 28 42 72 72 35 73 43 42 64 7 82 23 44 490
86 22 50 99 82 90 30 81 8 64 18 42 9 18 88 61 38 25 31 69 269
56 24 68 69 28 90 87 58 98 74 69 59 40 97 39 9 74 83 3 20 47
58 87 84 3 53 41 83 15 5 71 37 70 23 36 56 43 64 13 43 16 160
48 91 96 74 45 76 55 94 76 6 53 1 82 50 13 85 25 34 56 66 389
51 94 45 4 75 77 87 85 16 65 78 66 30 1 12 39 56 100 54 53 31
83 9 81 33 21 30 25 81 20 70 94 15 89 81 80 95 12 31 29 40 158
31 86 42 86 28 80 92 44 86 91 60 43 37 34 91 68 57 87 76 99 45
55 38 44 90 15 3 26 91 50 51 70 61 36 43 57 6 91 23 84 15 452
77 8 59 64 71 97 95 26 81 34 59 57 49 100 41 46 40 39 28 85 56
99 90 58 97 2 75 31 82 9 95 74 33 44 63 56 44 85 86 21 90 59
63 55 48 45 64 76 2 23 11 31 57 6 39 74 65 83 99 57 3 86 276
69 38 94 38 49 65 58 1 59 77 34 79 34 44 7 22 59 78 42 8 58
91 42 4 95 41 2 40 3 25 62 41 90 4 30 75 83 85 24 63 60 278
8 91 48 41 13 43 96 45 83 97 63 52 89 94 1 54 42 58 56 24 43
143 30 190 22 11 136 234 71 233 257 115 231 141 238 283 349 79 15 156 1226
