20 20
53 22 30 20 23 53 41 76 1 55 14 66 64 35 71 16 50 40 19 64 52
63 74 24 99 15 41 35 45 1 60 18 5 98 57 66 3 19 35 47 95 18
92 39 3 73 31 3 58 34 28 18 66 15 66 16 25 67 89 72 71 43 113
75 19 14 60 61 44 18 70 75 17 96 97 63 79 25 86 45 28 1 58 352
16 91 94 84 57 87 70 76 21 92 70 44 93 67 52 62 48 70 90 45 244
25 65 29 13 98 3 95 60 86 60 6 71 98 35 61 65 7 38 67 22 55
55 72 59 4 59 62 16 36 12 34 70 53 23 33 71 25 62 47 43 29 289
82 59 92 20 11 81 70 34 75 71 8 22 88 84 73 67 89 93 99 92 88
100 90 2 51 4 54 76 29 46 75 17 23 44 91 81 78 43 93 3 96 119
29 18 7 44 47 85 67 66 20 61 12 64 43 24 69 7 70 54 40 74 219
85 75 100 79 29 52 97 3 83 87 31 75 73 39 11 87 82 85 3 37 461
26 27 56 88 39 84 17 63 1 28 28 51 16 45 83 53 11 93 12 39 26
39 39 12 41 63 88 27 41 5 28 11 40 23 19 1 17 87 73 91 46 171
39 31 24 23 31 53 87 59 8 90 76 91 1 33 46 84 62 17 2 76 414
51 52 10 37 78 15 46 48 72 17 85 15 82 24 30 57 41 82 99 54 400
52 18 1 23 29 74 33 28 15 96 91 97 81 57 89 64 8 4 47 55 461
27 27 64 48 78 84 44 83 36 19 93 98 36 7 65 87 22 52 18 8 74
26 71 52 32 31 17 91 74 71 6 15 40 88 89 70 29 35 66 43 33 197
42 95 94 80 82 64 97 16 31 99 57 6 35 3 51 100 90 2 81 98 110
43 85 84 66 65 84 14 22 59 63 36 97 50 58 93 12 97 93 47 1 179
156 53 39 217 223 196 86 98 58 107 49 213 253 230 18 320 205 453 350 718
