15 15
45 73 79 43 22 64 48 17 19 24 20 33 10 33 73 389
59 98 41 69 63 96 30 3 84 3 58 65 33 19 63 63
3 18 3 75 97 45 66 3 42 85 23 38 87 91 21 479
71 42 71 39 10 78 97 8 83 38 55 65 77 36 54 231
32 23 41 80 26 94 91 7 65 14 5 69 98 76 16 245
58 58 13 89 50 14 89 58 81 58 25 82 24 14 25 82
16 47 84 76 43 82 71 37 27 59 81 44 20 36 40 255
45 49 64 17 32 52 93 65 32 74 88 25 91 29 85 422
49 63 34 42 55 36 38 91 57 46 95 100 13 62 38 190
70 78 35 40 83 44 28 100 45 80 12 57 23 81 55 37
99 72 18 22 47 47 73 38 26 41 88 84 2 45 40 17
22 26 33 49 95 9 86 51 93 90 52 54 28 27 98 304
68 59 39 72 30 82 12 85 61 1 33 91 65 11 10 147
37 6 63 63 48 8 21 86 7 83 16 85 81 51 55 135
43 55 54 54 51 29 60 100 38 22 50 53 45 26 27 184
55 66 137 233 19 91 178 295 2 314 287 241 297 281 684
