20 20
52 13 1 68 50 65 89 1 80 26 81 67 9 62 90 81 64 32 14 56 276
2 65 95 19 59 9 68 34 16 12 84 40 28 88 65 48 26 16 74 77 202
4 35 84 78 95 59 19 80 24 14 74 70 61 76 58 11 94 81 53 53 284
74 83 72 67 77 37 56 15 6 10 7 1 10 54 66 99 94 75 44 64 465
14 3 7 78 69 38 45 70 2 87 58 29 88 60 11 46 32 55 20 47 473
49 43 33 58 80 26 83 15 42 71 58 23 5 85 67 48 93 54 37 54 264
94 16 32 75 64 60 59 46 56 70 24 71 76 32 46 100 28 67 2 81 452
85 43 86 98 77 18 74 9 62 50 81 2 61 28 35 52 14 18 88 59 27
31 86 35 28 73 91 59 32 93 26 5 45 40 96 2 88 58 39 87 1 232
90 17 87 92 26 39 74 26 34 53 93 77 80 74 59 86 78 96 32 35 437
20 29 20 23 100 54 72 7 49 29 31 26 60 81 37 81 65 8 99 53 339
36 33 72 13 12 12 18 88 84 21 57 15 34 81 58 52 97 79 14 2 412
1 92 66 16 60 21 2 52 14 25 23 34 64 100 75 20 44 58 68 22 169
59 19 33 1 84 96 86 97 78 39 65 92 55 29 17 25 94 100 10 79 248
22 5 36 71 42 7 99 58 62 81 24 54 28 94 11 44 1 50 30 93 386
9 37 2 38 83 77 80 41 41 43 24 13 86 69 22 30 46 69 24 26 44
90 55 47 91 18 44 5 41 85 32 52 87 39 25 94 54 75 70 92 30 31
30 57 98 62 21 20 50 38 56 73 50 79 87 53 4 27 94 47 68 6 191
27 20 89 93 97 46 98 95 55 25 83 84 5 14 90 12 70 67 63 90 312
71 57 89 71 90 5 22 19 15 62 72 1 69 65 100 82 87 32 98 46 215
121 64 260 240 27 42 328 151 119 226 244 45 84 426 484 391 328 97 634 1148
