15 15
36 77 30 52 13 91 7 60 90 90 91 75 21 4 83 81
48 23 80 100 29 4 65 56 78 35 29 82 78 90 76 187
26 50 2 55 67 6 100 59 55 48 45 98 100 19 83 325
65 21 87 71 97 44 31 37 48 60 79 42 100 7 92 431
9 77 17 29 50 27 95 80 80 86 93 28 75 50 49 330
69 16 53 79 38 46 5 89 27 59 66 21 13 70 40 379
78 27 52 3 84 97 12 83 14 36 79 78 84 19 27 425
73 82 21 11 79 11 77 71 95 42 23 79 11 94 28 16
49 31 96 8 27 97 72 64 64 66 93 48 41 72 14 257
17 97 30 33 60 56 49 72 94 75 75 98 42 56 45 326
22 9 2 82 18 93 2 47 92 16 43 62 17 95 87 115
29 13 91 43 68 20 26 1 6 66 77 59 31 41 91 17
54 43 92 63 39 33 26 77 26 99 48 77 28 85 42 310
83 17 61 29 95 9 95 20 32 93 91 8 98 100 89 460
6 29 56 73 55 26 72 20 11 45 1 96 67 3 33 225
85 228 214 215 83 89 313 230 121 141 279 241 244 365 1036
