15 15
61 47 97 22 40 35 25 48 24 68 3 84 55 80 17 86
49 99 7 65 45 61 25 100 82 86 68 62 82 69 75 323
58 93 27 13 89 74 70 35 60 45 3 75 32 16 26 383
11 57 8 57 78 96 88 10 22 78 18 75 27 12 40 248
75 33 72 62 4 78 91 87 71 47 41 15 91 38 7 439
13 2 21 31 38 48 76 96 91 98 26 78 48 6 58 417
93 88 95 23 55 4 12 60 21 76 87 42 59 7 45 344
87 67 50 98 41 33 63 38 69 28 73 99 8 94 72 374
67 44 15 76 34 26 60 56 45 92 42 67 13 15 9 197
35 39 52 17 74 75 31 93 23 71 99 15 73 80 47 259
84 6 94 7 79 97 6 49 65 64 9 85 81 49 34 62
34 10 42 23 35 76 2 23 25 10 66 42 15 100 27 85
48 80 31 93 47 45 12 32 82 93 26 94 37 1 66 462
26 33 86 23 27 12 40 56 42 2 48 46 49 3 24 392
47 3 39 1 80 17 25 42 52 42 67 82 96 33 70 106
131 196 119 207 8 320 232 152 52 348 160 104 72 295 1781
