15 15
99 29 63 83 55 41 8 77 84 36 57 73 57 4 91 490
82 37 66 72 56 72 59 35 34 83 25 14 1 66 65 148
37 47 86 36 69 95 22 39 42 27 88 63 79 24 18 83
24 92 87 73 17 14 81 91 84 8 6 43 97 98 90 393
5 78 63 55 73 83 42 8 52 62 72 59 68 39 59 54
2 89 22 48 66 30 23 95 29 62 11 46 23 98 71 330
88 47 96 30 35 15 86 1 26 2 4 94 98 16 16 96
99 55 78 10 63 79 52 95 16 97 19 98 48 58 64 181
63 41 67 37 93 38 63 98 7 19 19 88 14 45 98 495
34 2 54 6 41 18 81 11 92 58 46 50 68 27 64 91
88 6 21 88 44 27 22 16 64 22 49 51 81 39 30 424
100 42 11 73 96 21 4 90 93 49 63 51 97 27 33 479
31 97 16 86 21 66 79 41 1 2 24 25 64 83 9 404
95 96 94 60 62 19 3 76 89 14 65 83 40 69 52 303
43 45 40 49 84 27 32 61 82 54 52 77 77 9 5 484
241 222 238 31 238 134 77 225 169 87 309 48 55 794 1587
