20 20
74 66 19 56 18 100 93 69 75 35 24 82 85 57 44 95 34 24 74 26 11
95 9 23 65 21 79 64 15 93 55 65 27 41 21 29 31 69 52 12 52 25
11 4 31 16 73 69 2 57 75 95 4 36 25 56 41 72 40 64 33 67 311
98 19 15 5 35 50 12 69 29 65 62 85 36 58 41 87 7 60 17 45 33
62 20 93 18 82 78 34 70 6 45 61 65 40 89 100 59 72 91 31 32 254
10 92 93 62 78 9 6 87 78 13 15 73 89 67 2 86 57 91 20 53 367
50 90 82 75 17 89 25 41 68 89 94 62 7 64 35 16 87 4 74 100 358
12 23 76 1 92 70 5 85 76 70 94 52 57 68 59 9 8 1 55 35 356
13 83 87 73 10 5 88 2 72 88 38 94 65 94 55 76 17 10 76 10 162
80 7 69 76 73 86 43 70 23 56 88 72 29 23 52 40 5 62 21 42 103
24 48 91 96 4 64 54 99 79 52 15 97 57 89 18 90 23 70 28 76 95
42 61 90 10 32 27 8 51 3 46 68 60 50 80 8 20 3 64 86 39 214
28 70 76 51 43 83 99 15 47 94 86 64 44 50 13 56 54 69 32 41 130
51 58 33 47 1 35 65 43 92 78 51 51 2 38 24 39 57 44 9 81 417
72 71 87 97 3 50 91 5 7 22 49 98 75 65 83 76 65 45 80 72 409
51 49 14 46 87 85 67 11 31 72 62 58 58 6 2 97 7 45 86 46 373
98 79 44 67 71 72 61 66 89 83 72 82 77 46 73 53 40 53 61 6 73
90 51 12 14 68 63 67 56 73 12 8 43 58 33 32 95 89 82 94 62 410
87 51 13 79 4 93 39 76 16 71 24 43 77 21 57 20 38 59 88 87 442
90 65 80 53 24 76 36 89 76 91 99 4 18 19 100 1 43 73 60 33 304
204 193 17 12 45 126 43 180 91 298 42 146 278 22 231 212 206 534 684 1283
