15 15
28 61 62 72 27 44 77 89 96 29 37 16 34 67 55 195
65 30 49 70 40 47 66 53 24 73 100 12 10 1 53 226
54 79 28 3 73 5 53 64 3 41 65 20 6 25 85 206
64 53 5 36 33 84 35 11 8 41 33 66 95 99 93 396
14 29 21 70 66 33 67 8 49 99 6 83 12 71 32 34
35 19 38 67 97 25 81 55 74 21 22 65 93 90 11 187
70 18 24 52 95 75 36 32 27 71 80 20 40 34 5 481
39 89 14 51 28 17 84 63 74 44 88 66 2 26 65 100
54 58 46 99 77 19 87 57 89 46 74 1 79 91 63 130
31 44 96 18 42 70 39 62 86 34 44 99 75 9 63 275
71 79 57 71 32 6 98 11 52 46 56 72 19 5 96 91
2 76 50 32 68 97 78 77 52 28 39 32 73 19 42 487
91 56 13 81 22 9 60 14 50 60 43 38 15 87 30 99
34 91 53 51 34 7 77 99 49 35 100 25 45 90 60 46
86 75 83 67 45 29 11 15 35 26 75 6 51 16 55 314
85 215 167 9 48 209 160 54 331 57 13 312 371 477 759
