15 15
93 20 38 14 25 92 8 1 33 68 44 95 9 90 24 11
34 69 4 98 11 46 96 3 60 21 11 77 1 55 67 74
16 99 42 21 38 22 81 52 90 77 6 86 89 82 89 58
92 28 61 42 73 18 75 6 51 17 62 21 90 7 94 13
90 78 100 88 64 24 36 100 29 75 38 8 82 61 94 232
34 52 38 1 39 59 97 32 30 67 93 59 52 12 95 73
85 20 32 22 11 77 64 2 36 49 72 33 83 32 28 42
61 12 16 58 21 14 65 74 41 43 82 11 8 95 45 193
39 22 88 40 51 29 89 46 4 5 2 84 69 81 74 218
53 4 100 71 72 7 66 13 18 85 3 89 49 37 33 401
99 97 87 24 92 19 20 39 47 91 6 38 94 71 14 169
33 50 32 16 37 76 4 66 52 16 38 39 24 2 49 463
12 16 38 50 58 61 16 52 37 40 26 92 38 40 85 236
7 63 66 39 32 54 10 28 24 93 13 22 87 71 57 116
14 93 78 51 21 70 8 91 51 97 29 74 60 28 88 57
157 78 6 165 45 40 69 152 110 21 245 154 164 446 504
