20 20
3 15 59 92 2 86 94 3 36 89 76 43 20 86 55 98 76 50 33 13 208
1 90 36 79 55 22 72 40 57 26 46 2 40 27 83 44 84 28 43 93 122
8 60 36 99 62 71 72 72 95 100 9 88 67 61 23 34 67 35 78 74 97
74 96 79 91 40 57 19 42 98 58 63 76 89 33 29 6 64 55 70 19 314
73 53 94 34 50 38 59 37 28 6 4 100 3 15 31 83 56 14 65 17 360
44 95 68 55 82 63 77 17 24 79 66 69 32 40 24 28 35 59 25 12 112
7 51 39 76 15 80 66 70 27 88 51 4 19 80 12 27 64 59 47 71 202
69 39 64 75 45 32 34 64 87 9 2 15 89 100 95 23 14 83 2 25 296
92 70 18 86 47 44 84 98 77 30 5 13 20 31 69 9 65 20 33 18 410
12 21 91 67 25 6 24 51 20 25 14 48 35 38 90 26 82 36 92 41 43
7 1 75 82 34 4 99 69 11 87 35 11 67 35 4 83 50 60 10 76 378
13 70 62 14 59 87 23 86 31 80 24 69 7 29 9 24 3 82 97 9 390
9 47 2 25 26 19 80 9 97 34 16 98 37 37 35 57 93 13 95 45 118
2 15 65 87 90 6 42 100 51 63 22 96 31 78 81 63 14 90 55 56 35
81 53 10 80 62 59 85 15 53 63 42 77 30 4 17 89 8 36 79 30 414
22 1 86 44 4 60 11 96 75 78 32 55 73 6 66 66 85 15 43 78 212
19 9 44 99 20 29 89 76 57 91 91 23 22 94 44 20 51 66 89 13 168
69 48 72 30 14 15 27 79 12 12 66 53 29 70 46 23 36 47 97 48 213
64 62 71 53 29 81 10 14 81 2 36 63 44 22 58 91 11 16 53 64 267
3 55 42 54 53 85 47 68 61 56 25 16 94 12 99 83 16 77 60 10 62
173 174 117 160 22 36 113 88 180 155 45 73 124 137 344 272 462 504 9 1233
