15 15
39 52 22 31 8 67 7 16 85 82 61 31 22 65 57 459
27 75 16 6 32 88 95 65 80 93 2 95 99 68 41 351
30 74 41 26 75 91 91 96 86 86 67 42 39 26 90 135
21 21 59 85 45 18 96 40 82 95 91 2 10 20 38 78
88 65 40 88 69 20 17 76 99 19 81 14 22 29 100 259
2 24 94 52 30 2 40 86 83 43 74 6 15 37 24 287
66 74 54 3 81 70 70 1 98 53 38 47 80 70 19 348
18 24 39 10 50 53 89 67 19 22 38 17 15 18 11 419
11 10 71 14 90 60 39 96 23 60 60 98 48 87 69 354
67 81 69 60 67 33 40 37 96 39 99 5 58 69 63 274
15 13 80 64 36 17 35 6 64 67 44 66 35 8 31 245
86 91 62 64 97 3 25 72 42 17 67 50 60 13 53 216
46 22 57 6 10 7 73 5 63 80 34 1 25 70 9 426
36 39 82 98 84 69 83 23 38 30 16 85 81 64 52 74
23 53 51 69 22 98 76 1 88 66 100 2 97 14 23 104
161 187 128 184 142 302 51 285 192 177 414 39 475 340 952
