20 20
9 50 10 22 63 72 10 78 16 86 23 76 70 67 83 43 99 60 13 90 398
42 8 35 45 25 61 97 35 23 59 12 25 57 2 15 19 89 74 72 26 96
91 70 5 30 100 99 27 99 76 32 5 58 13 42 67 16 66 11 10 61 273
43 20 65 14 78 41 39 95 47 60 74 64 59 40 19 11 81 95 41 100 96
25 59 72 22 90 47 68 8 13 68 34 85 34 6 36 4 18 7 26 84 380
20 2 6 9 73 91 35 57 30 85 56 70 31 29 67 95 87 37 91 76 91
92 7 33 98 74 70 76 77 80 44 91 30 2 49 3 29 39 37 43 73 324
2 92 67 61 56 38 7 91 56 34 22 46 31 86 84 10 4 41 49 92 414
95 21 68 80 2 95 10 76 6 87 84 52 11 92 75 15 39 13 75 61 345
71 5 2 36 23 91 61 64 2 3 78 26 87 12 16 61 93 45 32 19 212
2 67 11 54 55 78 23 88 16 4 33 91 72 22 9 98 41 6 67 20 402
81 3 97 90 73 74 3 26 17 19 63 34 14 93 4 73 1 82 60 23 119
23 82 10 30 58 18 55 67 48 25 60 95 79 57 8 99 25 63 22 85 36
30 26 85 4 91 20 49 51 13 93 20 16 39 61 56 90 72 97 46 15 185
66 2 10 61 99 87 99 12 22 40 2 16 31 100 43 21 39 79 39 89 35
73 18 20 55 56 44 92 72 15 69 24 4 57 52 22 33 61 92 84 35 314
63 5 1 88 18 50 77 85 65 60 94 71 93 21 57 47 97 96 36 24 387
3 66 60 58 70 26 86 33 68 31 51 51 93 14 52 64 59 91 82 93 141
23 87 71 86 68 91 63 100 66 36 41 7 39 10 38 26 48 92 16 82 452
73 35 69 8 36 80 58 93 6 2 96 49 72 10 93 3 33 33 38 44 472
163 139 135 234 235 182 95 31 204 333 20 365 81 128 375 467 164 542 260 1019
