15 15
8 95 98 9 92 18 39 23 31 11 67 77 19 67 78 388
11 95 94 99 42 31 20 96 51 29 43 91 34 51 40 464
75 36 79 85 63 99 92 30 91 63 12 33 44 36 28 69
73 93 38 78 90 54 51 23 22 5 90 1 97 98 81 111
7 63 30 57 18 59 80 65 72 33 47 27 29 11 15 254
34 54 48 22 87 34 22 52 57 32 3 27 22 31 42 395
5 24 35 15 49 23 52 61 5 52 58 52 79 40 7 153
24 2 63 55 68 64 38 69 34 51 39 60 33 12 10 324
3 79 11 28 83 83 20 73 20 96 81 31 80 34 73 147
47 36 39 91 13 96 53 26 94 66 47 98 10 50 56 421
76 99 100 69 73 69 61 30 71 67 75 58 54 94 94 213
61 88 2 5 7 46 63 32 51 73 32 33 43 86 11 437
42 93 26 45 100 3 17 34 80 87 21 41 7 6 40 11
33 60 37 65 5 60 92 68 6 49 18 87 85 9 14 131
31 48 10 100 43 82 8 41 72 97 2 38 66 24 21 428
180 136 230 115 1 297 164 205 4 164 161 445 314 443 1087
