15 15
11 32 37 73 50 30 79 10 77 27 18 15 34 96 73 74
91 1 62 92 14 56 63 55 98 54 36 91 51 75 100 29
41 28 99 11 1 19 90 18 80 8 88 1 11 65 23 105
95 20 12 37 24 62 29 55 63 42 78 19 6 76 39 488
92 95 70 52 37 20 42 68 84 72 22 97 40 85 76 276
76 51 20 27 51 39 39 49 99 70 67 11 96 9 77 289
3 93 90 2 20 55 14 51 9 14 8 9 20 86 84 230
80 33 34 11 70 74 54 64 29 15 4 88 57 32 90 408
44 25 94 29 71 97 57 14 49 19 90 17 37 28 11 228
56 97 49 61 72 53 18 49 34 61 28 70 48 99 40 252
72 53 94 48 20 68 72 12 28 46 63 78 90 28 32 259
55 35 91 43 72 15 59 31 57 8 6 65 25 46 17 20
20 47 20 78 27 66 90 15 54 76 1 32 32 56 54 447
71 46 47 35 87 29 92 69 79 86 47 87 12 43 96 213
28 43 14 77 39 69 45 32 40 95 47 70 4 96 19 326
214 59 222 177 234 218 229 280 93 123 107 152 106 377 1053
