15 15
74 83 33 69 95 37 6 40 70 70 71 4 49 25 45 217
60 92 3 4 73 39 34 63 3 9 35 3 55 99 57 142
63 62 51 82 26 22 49 60 42 62 68 10 50 42 58 17
67 100 84 79 1 44 17 52 52 93 86 13 22 49 26 228
38 92 20 26 92 18 74 95 98 23 13 92 26 31 33 223
80 54 97 78 5 96 38 63 82 13 93 45 95 86 28 149
53 91 14 79 96 56 38 54 17 4 78 23 95 90 80 466
80 43 62 33 41 39 90 53 99 43 79 78 55 86 72 401
74 86 5 74 75 29 39 60 91 39 11 47 52 16 16 483
32 78 64 4 48 53 58 97 1 46 74 11 90 63 62 304
13 27 2 74 9 17 88 67 41 11 25 74 22 46 44 369
52 20 71 12 33 97 83 76 10 78 17 22 27 32 97 244
5 1 22 86 91 13 36 62 39 42 46 51 91 47 12 358
62 93 57 54 51 4 60 43 89 93 38 71 81 89 33 116
63 59 48 67 87 9 90 100 67 18 4 54 7 5 38 365
234 93 272 94 71 287 216 125 65 84 121 225 9 117 2069
