15 15
52 44 8 35 55 45 83 95 81 18 65 11 83 40 90 431
18 27 65 44 18 48 19 28 86 32 27 49 92 65 39 26
15 33 91 72 91 19 28 53 81 68 64 33 27 81 58 281
69 51 35 80 67 46 5 66 43 23 48 84 13 100 77 79
11 67 34 39 9 11 38 47 62 87 97 23 49 68 67 363
82 45 45 63 12 15 72 41 32 2 92 19 33 5 4 177
70 53 40 65 84 33 50 39 98 72 24 43 82 65 87 387
44 63 37 9 76 41 62 21 34 16 10 40 13 24 94 411
69 25 92 69 4 18 22 87 4 94 48 73 79 3 30 267
60 99 48 47 37 42 94 67 45 34 33 71 64 57 13 476
92 59 73 15 95 15 83 76 99 1 19 21 89 77 89 184
90 46 28 72 66 52 76 55 75 63 89 65 86 40 63 256
10 52 1 97 18 22 59 58 94 19 82 4 6 38 97 210
60 9 75 46 67 59 86 81 90 75 12 48 71 8 10 141
67 93 11 18 43 4 96 11 19 16 78 74 46 18 37 199
187 105 50 130 36 314 87 308 277 227 266 120 21 347 1413
