15 15
53 62 78 7 89 14 52 48 26 85 39 17 6 7 39 198
18 86 28 22 11 60 50 48 28 59 54 90 82 66 98 399
61 26 4 86 26 20 38 85 44 52 41 24 77 50 51 402
24 20 8 43 77 58 67 9 37 40 36 43 70 2 20 280
95 20 48 61 47 21 11 30 71 35 92 22 82 51 62 272
37 61 12 15 4 6 26 42 50 84 26 41 70 87 93 123
39 13 97 77 19 40 100 9 55 69 58 49 16 29 2 466
88 67 4 95 61 91 97 29 4 43 40 94 54 4 48 260
90 23 19 13 53 29 90 98 34 20 94 51 71 90 87 330
95 85 68 73 24 97 78 66 9 33 44 48 70 3 46 339
45 3 50 85 82 7 59 9 61 6 4 69 96 7 41 192
64 49 83 26 46 83 24 32 65 16 69 39 58 31 18 468
40 31 1 14 41 41 63 19 44 100 59 87 85 13 31 391
46 80 31 24 96 18 90 31 5 40 29 62 5 36 78 496
69 16 90 32 6 22 11 51 10 70 19 63 13 68 59 392
312 76 20 321 336 156 195 212 423 378 175 233 265 639 1267
