15 15
3 33 22 13 72 76 24 52 46 29 35 46 17 55 20 408
58 99 74 65 94 24 32 81 71 25 24 54 88 34 50 78
86 78 47 22 3 74 20 99 28 16 85 83 33 64 38 222
95 69 49 63 81 42 19 18 99 36 8 30 52 35 39 134
86 77 37 18 96 57 26 35 64 15 85 63 93 76 90 215
40 45 79 18 48 42 94 79 73 48 70 45 28 97 63 369
6 48 64 34 59 54 48 93 5 87 46 49 39 71 52 33
82 86 72 37 82 13 98 45 78 68 46 30 9 40 8 491
17 45 2 54 63 100 30 99 70 42 61 50 38 83 84 205
4 18 23 71 47 19 39 70 65 89 8 96 43 17 69 454
34 51 65 19 34 60 84 49 90 47 85 52 12 91 38 46
94 53 98 64 16 93 11 72 85 89 100 87 1 87 55 40
14 54 71 40 7 3 54 17 52 65 100 23 10 35 96 119
80 53 83 69 21 2 10 9 16 24 41 24 66 91 41 254
92 86 4 75 54 91 83 75 47 71 63 74 48 43 67 351
69 52 162 193 28 2 158 319 32 223 365 203 346 278 989
