15 15
64 8 98 57 78 26 43 51 15 69 54 87 41 35 43 312
51 33 79 68 8 2 24 2 58 5 84 86 38 95 16 426
74 43 65 37 92 29 38 1 100 21 91 80 9 78 69 115
30 49 5 77 84 36 40 1 61 37 65 65 49 56 30 61
35 42 82 13 71 53 8 25 30 49 21 2 94 11 18 61
86 23 52 29 21 23 74 99 7 10 80 85 52 52 37 238
52 68 51 13 23 33 15 48 4 95 17 31 86 51 21 454
91 58 44 34 17 100 19 22 79 87 69 19 91 95 45 172
71 31 4 7 50 48 72 97 72 62 93 60 83 40 57 327
93 86 43 56 30 70 42 42 76 83 64 61 33 98 26 324
34 57 78 11 71 48 37 25 74 76 30 95 55 21 36 148
9 43 29 61 19 13 55 91 10 18 30 4 50 26 45 55
46 63 6 78 55 32 61 75 31 77 88 48 85 43 35 276
13 12 93 74 40 13 59 13 35 5 44 64 25 73 42 78
80 17 97 65 20 90 79 67 86 51 91 15 51 71 88 403
129 134 209 133 33 207 26 258 268 267 166 293 201 64 1062
