20 20
14 48 1 46 41 89 60 84 21 14 18 25 45 97 1 84 39 14 75 89 224
93 1 92 6 46 11 69 18 34 23 52 74 2 99 79 43 7 8 38 48 113
11 47 26 53 40 25 81 36 86 96 38 60 75 60 87 37 57 53 54 75 65
66 48 96 54 72 20 67 2 42 29 35 80 49 97 71 40 97 90 22 60 369
79 72 74 93 19 46 58 28 89 96 33 96 85 69 75 81 88 20 49 47 338
89 55 32 6 90 33 6 8 61 67 95 61 38 75 48 5 16 31 10 95 169
58 50 43 3 3 94 30 75 62 58 76 59 77 17 62 89 30 29 10 64 171
51 13 59 98 29 13 13 94 60 100 66 24 60 86 10 81 2 43 54 89 10
86 83 38 90 5 47 54 62 10 28 51 12 75 31 94 34 6 65 80 82 363
53 23 15 12 7 43 94 59 71 37 45 72 90 14 21 26 70 82 70 69 494
97 32 84 93 47 63 80 32 20 46 38 65 79 63 22 99 3 78 88 16 125
39 46 9 30 4 46 42 73 82 82 94 10 83 42 89 55 13 58 12 35 27
75 70 100 99 86 97 55 67 86 92 2 27 93 92 39 55 98 96 82 50 364
39 65 52 1 31 6 41 11 17 63 54 46 50 32 94 46 88 84 71 91 431
46 93 94 24 47 84 17 74 52 91 78 21 71 83 35 97 32 12 34 53 266
12 34 58 84 71 90 74 83 80 40 58 29 54 95 10 26 99 88 39 27 271
92 49 43 85 15 28 52 73 6 5 46 95 82 63 87 27 91 82 34 49 370
26 34 4 13 72 78 83 16 56 80 7 60 5 47 93 21 10 52 22 81 495
58 16 22 16 64 26 91 1 42 97 20 43 23 19 87 73 91 66 78 48 202
71 22 30 89 8 54 36 56 2 91 85 72 88 40 50 12 56 65 22 28 243
54 210 8 280 224 220 229 11 161 39 135 56 37 30 145 281 665 105 35 2185
