20 20
46 74 43 6 4 74 86 37 51 33 70 96 4 37 15 16 13 83 7 100 69
77 30 62 28 50 32 12 71 57 61 21 25 35 11 1 10 5 92 10 48 453
71 44 78 72 84 36 46 75 86 23 100 58 72 56 85 45 81 78 30 84 65
27 8 36 41 88 29 23 67 20 13 65 81 42 71 35 25 2 78 73 18 306
46 100 80 38 48 91 30 58 6 20 47 57 50 64 80 82 57 82 80 34 488
75 8 23 23 82 51 9 17 91 47 95 91 54 5 66 88 93 90 84 17 176
48 21 56 40 19 85 59 28 21 39 76 76 28 23 66 29 16 86 89 3 210
72 77 41 23 35 52 88 81 100 55 48 35 14 75 12 47 27 29 100 18 295
24 19 45 92 21 26 39 40 20 9 87 40 11 66 92 33 19 76 73 82 54
15 65 89 97 96 22 9 22 92 39 67 4 62 79 64 3 17 42 23 63 157
56 26 60 66 98 88 46 75 100 51 79 72 91 58 58 50 9 94 96 16 76
83 27 28 22 8 82 86 7 45 37 52 67 19 45 2 18 3 22 69 12 368
42 87 7 24 88 38 89 54 98 61 32 89 46 29 73 48 70 1 71 73 90
40 93 9 48 76 79 16 98 88 92 31 9 99 19 39 45 49 5 95 57 421
22 95 15 82 78 50 78 35 32 88 71 5 79 28 40 3 14 70 39 30 65
21 66 87 83 68 4 30 42 75 36 87 63 4 54 77 85 17 25 22 53 434
65 20 4 73 66 27 33 32 36 26 48 78 48 91 11 19 74 46 64 50 414
21 99 90 61 84 66 60 11 69 32 13 40 27 91 21 58 3 64 10 96 406
31 98 77 29 61 79 94 67 31 48 46 63 90 87 42 56 67 70 27 11 197
52 18 67 86 32 18 78 94 51 6 33 41 83 81 32 28 88 76 24 93 122
205 42 254 22 266 134 80 150 141 212 142 129 70 72 168 245 554 610 590 780
