15 15
77 48 64 22 26 12 39 35 24 24 62 24 49 35 78 148
35 22 40 39 58 67 23 5 28 67 36 6 61 71 51 244
60 100 16 47 27 41 61 21 38 10 60 77 98 30 26 414
80 53 15 27 20 53 76 75 96 49 26 81 19 50 88 498
43 67 53 28 4 78 8 66 88 73 72 8 23 52 90 413
28 41 94 85 55 29 78 56 8 17 57 41 69 8 25 263
52 16 41 29 64 21 54 5 66 89 57 77 18 26 26 433
30 53 60 80 81 92 19 15 54 41 41 93 100 51 4 155
78 60 44 57 60 50 1 87 51 55 89 88 43 81 64 384
12 31 32 29 55 79 41 46 35 42 78 92 91 47 88 93
41 36 91 89 78 67 67 58 46 66 84 55 31 77 33 191
55 67 49 89 23 12 71 89 38 44 70 60 78 7 67 167
56 87 98 38 74 32 24 8 28 81 53 32 51 66 38 414
20 99 77 5 83 14 48 31 83 10 14 87 48 94 54 235
5 2 12 7 96 5 85 84 14 59 19 27 10 52 72 449
14 8 190 228 262 173 112 179 449 362 440 338 560 481 705
