15 15
5 35 44 30 68 12 2 26 39 40 74 93 62 15 3 247
27 39 20 55 96 12 30 76 23 75 67 93 78 22 99 423
86 36 99 68 18 77 83 48 3 35 34 51 89 12 19 91
31 86 50 24 82 61 22 73 93 100 85 78 73 64 64 335
71 88 34 94 94 49 69 74 46 94 93 55 8 42 94 86
39 12 13 16 34 22 39 65 22 97 58 32 6 53 31 197
30 73 50 14 3 35 84 59 50 100 89 99 6 60 22 465
95 2 68 100 35 17 51 100 2 88 28 69 7 36 35 55
31 98 63 98 54 96 40 77 69 26 96 13 90 19 31 430
98 15 100 40 21 60 10 31 13 46 94 69 86 74 10 380
55 41 56 71 82 12 96 13 99 79 32 48 19 77 100 35
9 60 70 16 34 12 66 82 25 45 67 68 68 58 46 456
2 10 96 24 18 58 9 85 79 69 52 22 94 29 5 264
56 76 6 29 65 54 64 52 94 76 64 92 96 83 32 426
55 7 69 28 38 49 72 8 4 55 60 34 30 51 13 203
138 94 13 14 178 304 350 135 288 358 59 475 260 160 1267
