15 15
97 24 5 23 51 60 70 10 50 71 84 87 15 94 20 333
54 99 62 51 95 4 19 47 25 52 96 54 6 49 75 288
22 52 56 55 7 26 95 71 55 48 10 11 38 74 84 101
27 82 4 41 48 34 37 31 68 58 67 52 23 73 44 430
51 31 48 2 99 77 78 96 47 26 77 13 23 84 12 359
30 89 70 48 67 89 72 1 90 1 40 70 8 52 69 456
16 33 31 55 15 18 76 73 32 65 22 62 51 92 19 427
37 68 23 71 51 1 69 22 88 7 54 90 81 36 82 320
63 8 28 88 71 10 28 79 68 96 81 47 83 74 60 20
8 29 37 72 17 95 93 30 59 98 82 66 27 20 28 115
52 66 26 65 21 71 39 55 70 2 31 15 3 88 86 324
28 88 73 56 70 26 100 22 62 22 46 90 99 62 45 143
5 83 38 57 66 11 62 75 99 93 22 4 72 65 69 228
3 62 46 45 46 23 37 85 83 42 37 52 52 14 69 252
49 81 40 85 99 78 82 45 10 4 5 45 76 89 50 51
108 255 229 188 160 201 35 312 146 226 306 81 199 622 779
