15 15
62 7 34 93 15 4 70 5 13 94 100 81 24 52 81 277
55 7 6 6 88 97 42 96 67 37 97 41 59 95 52 397
99 46 99 17 86 89 100 16 69 45 14 68 2 21 64 388
33 79 73 75 21 93 12 38 12 74 52 16 30 4 55 128
58 64 10 22 69 91 6 71 84 22 19 80 24 12 13 82
55 31 34 20 85 60 29 94 80 96 83 34 17 96 30 269
29 61 35 62 64 66 39 72 67 47 14 64 97 80 99 306
99 60 46 2 66 36 24 19 18 22 59 3 23 63 31 79
74 74 65 37 63 25 78 60 15 60 93 81 21 37 52 213
17 73 29 69 73 26 4 75 57 83 84 38 89 100 71 239
37 100 55 7 78 35 74 36 37 4 42 65 100 2 37 280
97 72 13 94 84 40 43 98 88 32 29 40 25 80 57 394
44 30 15 84 65 89 48 63 71 28 31 83 17 11 39 209
2 66 67 40 28 31 74 41 14 94 8 56 75 68 93 334
37 71 74 23 24 52 82 68 83 75 16 15 88 97 83 478
127 201 163 125 71 46 188 311 154 178 275 415 137 348 1334
