15 15
9 85 1 76 38 16 89 72 41 97 30 83 48 70 60 168
21 49 17 84 23 45 24 26 67 13 6 20 63 32 87 71
40 51 55 12 57 44 50 32 27 26 90 17 50 12 72 269
7 70 74 62 65 2 49 84 2 37 45 74 75 50 6 196
54 78 100 44 30 43 97 33 8 59 49 2 61 11 3 420
75 9 97 92 75 5 75 75 11 7 28 92 34 92 97 91
29 13 13 17 23 22 46 19 85 92 79 12 82 7 15 352
11 47 39 65 84 9 7 27 87 8 8 72 43 57 91 225
72 26 31 43 34 34 1 100 44 63 22 52 49 51 15 71
7 82 90 61 74 61 12 95 27 41 75 38 34 21 73 265
57 54 67 57 59 52 24 33 4 67 87 53 35 68 34 244
44 6 31 23 55 21 1 43 39 66 62 21 28 19 35 228
17 39 36 80 93 69 9 37 28 46 81 63 84 71 35 297
52 71 72 80 44 53 93 22 9 66 54 1 4 29 4 246
57 4 53 48 21 1 28 91 92 95 20 36 57 54 21 57
97 164 137 128 43 113 182 32 187 97 140 143 1 643 1093
