15 15
73 92 97 29 80 14 42 39 87 10 66 75 98 96 41 262
52 52 88 46 17 87 32 48 98 11 95 16 75 45 33 294
56 60 61 17 77 53 65 89 17 75 56 75 82 30 15 238
78 14 39 88 84 66 51 24 32 15 2 44 92 59 90 282
80 56 80 47 55 42 85 70 63 80 84 61 31 45 67 116
36 92 29 30 88 33 6 50 51 8 87 20 27 4 63 374
75 96 24 99 69 18 35 3 32 71 52 3 10 80 96 452
75 46 36 69 98 42 83 21 63 100 5 13 67 98 64 240
68 67 80 25 82 78 42 5 58 80 24 10 29 100 6 402
4 91 61 93 77 4 83 65 88 56 85 21 10 91 5 494
30 85 85 79 97 64 51 46 58 29 68 69 76 91 14 77
46 15 18 23 59 43 7 91 100 50 15 53 27 65 50 23
62 51 15 15 52 83 33 75 96 23 70 66 70 47 84 37
52 95 43 69 52 4 83 76 86 78 24 56 72 6 89 238
78 94 32 38 78 98 4 32 1 92 89 70 2 7 75 437
238 187 260 8 174 251 312 134 32 218 29 261 430 240 1192
