15 15
38 13 66 79 62 57 8 82 23 62 89 34 92 89 5 221
55 81 86 95 79 32 38 68 22 59 18 89 73 78 22 476
45 73 9 21 15 87 6 27 54 39 25 53 1 80 71 116
13 48 66 96 39 70 97 15 17 46 4 52 19 83 14 368
25 41 41 44 19 17 92 40 3 41 75 48 27 86 62 272
39 16 51 43 74 10 64 66 14 2 22 37 53 68 89 100
7 84 96 25 16 100 31 47 95 31 75 51 63 27 5 363
77 83 17 16 78 66 3 14 72 7 20 62 55 58 22 452
43 20 34 33 41 13 82 56 73 59 97 12 95 28 48 151
29 91 46 50 43 20 62 19 27 14 69 13 77 53 69 288
96 90 30 22 32 93 92 26 27 57 15 11 96 48 80 445
12 99 45 82 95 3 32 76 50 97 12 61 27 92 38 128
47 45 74 7 7 54 63 69 46 76 98 25 42 34 71 58
39 39 18 65 14 18 40 31 56 31 97 64 42 29 94 201
27 33 37 59 74 6 48 29 11 81 27 3 82 16 69 302
96 220 2 163 41 89 20 180 65 420 201 449 556 355 1084
