15 15
98 5 76 9 12 60 18 50 44 35 81 77 57 98 37 345
68 34 90 74 58 9 35 61 76 11 76 61 89 94 43 55
77 63 19 62 34 92 65 30 1 20 6 52 97 56 14 377
46 4 50 20 87 53 75 29 100 96 4 86 61 92 65 242
3 61 99 44 4 17 55 82 90 27 96 82 17 20 92 16
53 63 14 65 33 34 50 9 39 53 11 20 9 5 96 448
59 6 25 20 84 58 50 69 51 12 14 9 30 40 16 58
69 52 93 5 97 57 21 69 64 96 67 25 94 67 93 92
44 91 80 39 70 85 79 7 92 14 13 62 66 14 5 121
79 95 40 23 63 29 41 47 90 18 17 73 65 100 73 79
1 6 19 60 12 89 58 19 49 82 34 70 81 5 49 102
31 24 9 37 36 39 29 6 26 30 89 89 20 44 24 450
73 100 77 9 10 89 53 82 45 30 25 31 61 80 86 115
2 75 26 13 18 66 40 63 5 32 43 21 9 3 9 48
65 11 46 17 44 92 99 13 30 2 13 100 19 7 12 258
105 68 97 14 189 176 122 151 16 60 160 410 354 29 855
