20 20
59 19 24 75 81 39 38 23 2 89 23 13 34 51 77 92 9 26 56 9 117
43 84 59 81 73 76 17 30 57 50 69 16 95 76 11 32 75 30 5 79 355
94 16 78 18 51 48 19 27 4 5 66 87 36 88 33 36 50 28 25 73 120
44 100 64 19 77 92 43 55 94 87 72 40 60 89 89 1 91 52 47 71 35
41 80 20 66 54 84 34 86 24 44 53 42 40 28 82 11 80 32 38 95 484
42 75 94 54 34 22 35 96 59 55 71 52 26 100 48 20 7 30 2 94 184
12 62 96 92 81 96 87 79 55 35 7 22 27 35 17 17 23 59 73 77 451
10 54 96 80 17 94 46 9 20 31 6 30 40 20 93 85 69 87 27 5 416
54 55 96 30 79 1 34 54 24 20 50 1 72 21 34 69 94 45 74 81 443
37 75 76 72 91 37 52 20 99 45 98 32 88 28 37 70 66 82 53 90 122
73 50 49 80 14 3 95 1 34 32 30 5 82 70 65 74 67 40 14 73 55
15 63 41 43 6 97 63 69 36 55 22 15 95 55 40 34 87 56 70 63 229
25 11 14 8 60 31 6 18 41 61 85 97 9 71 84 6 56 10 26 91 374
50 60 46 73 9 60 74 52 23 76 86 99 87 21 19 91 66 91 87 100 487
43 16 16 78 12 6 19 94 1 31 23 60 97 17 26 9 31 61 24 90 97
14 21 59 19 29 66 70 11 89 35 73 45 40 3 11 61 5 32 73 77 416
78 93 27 63 86 77 53 27 29 2 86 35 28 10 67 69 20 39 98 41 72
75 5 40 51 25 33 29 59 9 8 23 94 11 76 68 18 45 93 79 22 247
22 58 83 59 51 95 95 90 58 4 65 92 97 24 82 40 10 20 99 27 344
2 55 47 36 16 11 86 11 30 27 52 21 16 4 57 59 23 46 86 95 181
193 58 239 158 13 260 99 73 19 146 278 350 49 403 223 212 369 304 772 1011
