15 15
26 94 88 86 54 48 80 61 22 15 94 23 92 18 24 305
15 10 74 50 74 42 68 38 73 87 55 83 17 41 85 283
93 83 21 42 32 15 87 63 79 37 37 82 8 38 80 268
13 85 22 93 91 53 30 76 66 67 44 2 30 8 78 219
76 27 41 3 47 97 85 52 51 9 98 54 72 26 29 492
30 94 22 27 78 82 39 65 70 94 88 17 74 49 22 88
6 92 89 95 31 100 30 29 69 34 10 68 20 20 15 360
54 15 6 60 96 52 8 65 9 28 93 33 76 30 76 95
62 41 22 75 24 7 98 40 96 86 39 68 44 82 7 391
38 20 63 25 86 94 79 43 76 53 93 50 59 22 57 464
33 95 29 95 82 87 6 83 17 9 70 67 58 24 73 283
20 83 6 53 28 59 44 90 77 5 9 27 26 90 18 173
7 89 41 81 2 2 62 13 30 71 83 79 92 2 75 243
7 84 83 100 90 91 85 93 35 73 11 32 71 63 15 152
17 82 88 12 30 23 21 1 61 66 52 63 5 31 4 216
188 176 12 126 270 86 197 292 233 163 332 59 410 590 898
