20 20
50 17 10 90 8 88 10 85 50 62 9 30 84 88 25 24 8 45 6 77 212
18 18 44 19 84 14 9 40 16 36 46 65 19 95 82 57 54 73 57 100 233
85 85 96 73 8 53 61 6 99 65 51 92 13 16 74 89 33 63 64 35 294
56 19 15 60 40 9 62 41 19 50 57 91 84 5 51 84 95 15 12 69 96
68 76 33 34 35 88 97 57 41 90 86 100 94 48 41 52 66 35 66 52 54
11 55 20 81 37 22 70 40 6 13 90 13 90 33 49 70 100 34 23 93 342
67 62 43 61 4 99 12 56 41 95 25 73 71 43 72 25 93 80 96 86 256
36 86 8 55 69 4 18 47 13 38 69 51 48 23 100 92 69 31 54 94 191
21 37 12 8 74 25 75 48 68 27 16 2 18 33 71 61 82 25 74 83 425
40 46 16 45 9 44 100 7 86 39 54 85 42 56 45 1 78 99 26 93 290
46 17 4 40 34 48 70 2 10 60 39 66 60 47 55 34 64 12 22 13 382
89 4 92 8 29 47 14 74 24 99 29 74 22 88 77 22 1 94 76 75 352
13 86 22 21 45 34 6 16 30 93 10 97 13 71 85 62 54 91 47 42 273
48 30 61 16 93 76 69 77 68 39 60 48 38 56 21 16 67 59 13 56 163
32 27 23 79 30 57 46 70 21 70 71 67 39 80 76 80 43 45 62 85 61
17 46 5 80 39 78 33 44 45 54 76 83 69 9 79 98 8 9 88 45 151
8 94 90 88 90 54 89 44 37 1 15 62 87 78 98 19 96 87 38 97 414
66 2 9 29 9 24 33 15 65 99 40 3 4 7 89 89 22 76 94 57 360
84 42 74 67 41 76 88 24 100 57 42 73 42 50 66 9 26 62 41 95 103
80 17 91 27 6 53 43 81 75 11 75 54 63 100 83 45 37 5 70 91 434
38 221 263 43 83 48 209 150 86 131 217 11 345 144 220 372 262 625 395 1223
