20 20
17 77 27 89 90 39 3 56 20 68 56 22 53 39 96 72 14 97 47 98 339
23 34 29 81 3 26 64 80 74 40 5 17 41 60 33 26 61 86 89 19 51
3 98 78 57 52 50 95 8 49 20 43 6 29 20 88 100 9 35 38 45 431
82 38 22 66 88 89 23 77 62 84 87 13 67 32 54 39 62 64 26 9 349
8 86 15 76 26 11 100 30 57 68 78 41 6 78 83 17 93 83 63 55 17
81 17 75 41 100 94 46 91 84 36 24 97 94 59 4 71 93 5 86 66 225
8 94 77 77 85 37 96 72 82 21 68 96 98 75 76 82 92 25 95 94 26
99 46 92 64 59 30 87 16 54 51 41 8 91 25 21 58 83 29 87 80 341
78 27 43 44 81 43 6 10 20 10 28 60 13 75 58 61 63 33 67 24 263
85 83 17 53 49 61 80 67 7 64 80 83 93 65 76 37 77 19 27 3 307
14 89 100 83 96 1 32 55 49 100 6 21 67 2 80 10 28 74 73 65 335
40 66 58 35 37 71 85 52 10 93 96 19 31 9 64 60 62 44 11 81 160
57 62 87 39 37 21 17 83 69 66 65 76 99 13 37 92 18 26 26 97 39
2 44 88 32 89 71 51 56 32 91 1 79 37 65 86 37 47 9 38 68 384
75 97 6 30 92 50 46 21 99 78 95 65 81 56 82 65 85 47 9 52 244
70 75 89 54 97 89 43 77 33 45 73 83 94 18 27 95 29 93 55 54 92
66 13 56 85 41 92 82 60 9 44 78 85 15 47 3 17 43 2 32 21 265
56 63 79 37 1 52 87 16 16 35 48 88 22 34 63 12 74 63 37 41 317
58 60 18 18 52 82 21 33 16 86 90 97 93 56 89 27 44 10 24 75 387
43 33 68 39 18 35 75 96 60 98 1 86 41 63 10 71 17 43 33 51 29
73 142 83 77 225 188 141 154 221 105 307 116 69 159 157 162 278 125 905 914
