15 15
13 63 31 21 25 47 12 96 64 1 93 80 26 5 45 143
20 66 74 86 69 20 49 55 23 52 12 40 65 26 69 261
72 34 67 56 40 17 98 99 14 51 14 74 56 5 93 352
38 50 10 91 19 36 25 57 72 23 73 65 9 86 82 62
71 51 80 92 88 78 4 93 68 41 47 67 66 93 78 199
32 41 16 50 39 32 65 52 73 66 34 67 92 92 14 31
92 94 71 57 3 95 67 79 85 97 2 94 99 95 88 67
67 41 7 82 69 76 85 73 77 73 99 55 70 35 73 249
76 67 20 79 74 2 65 12 32 7 37 84 70 4 83 130
53 79 13 52 9 41 94 15 57 4 72 88 2 37 73 30
2 95 21 13 91 96 98 55 48 59 67 12 64 93 85 90
2 73 10 60 62 87 47 46 63 78 82 99 16 70 75 65
22 64 27 6 51 2 33 66 34 73 10 40 70 78 100 437
83 27 2 15 69 16 71 32 6 23 100 77 2 78 10 494
57 34 6 64 79 18 96 71 65 10 67 91 55 72 16 24
16 3 39 210 127 100 77 239 235 61 175 239 83 255 775
