20 20
49 50 36 10 25 16 99 26 1 30 54 30 75 98 6 75 66 73 67 80 195
90 39 49 46 63 68 7 34 49 9 15 6 30 30 70 46 77 59 13 22 113
79 55 17 34 48 57 95 59 36 40 66 32 33 43 73 32 96 12 97 66 398
55 60 46 24 6 51 57 40 53 65 56 52 57 61 49 32 54 49 93 99 17
99 18 95 66 2 40 64 8 59 53 58 28 21 57 79 30 23 1 51 31 370
40 63 85 8 52 52 48 56 20 70 91 97 74 21 62 66 96 69 86 80 182
61 53 14 21 77 98 75 31 29 70 96 40 12 31 91 58 76 69 91 28 111
70 31 43 33 25 87 8 29 67 12 89 59 28 34 28 71 84 24 8 22 199
64 64 51 57 67 70 53 51 14 74 78 6 77 44 70 2 4 61 22 97 489
68 6 41 71 29 87 55 86 77 4 53 20 88 47 55 94 85 97 90 72 427
31 22 56 20 70 35 17 9 81 11 53 36 76 48 15 29 85 100 40 31 307
75 19 67 75 67 62 71 12 84 51 75 80 86 99 100 50 54 17 80 19 139
8 34 71 90 66 79 16 72 80 86 63 11 42 71 1 20 27 27 54 49 131
65 70 75 90 77 46 2 55 17 94 87 79 3 20 2 72 44 14 25 64 71
8 30 33 87 100 19 59 70 97 13 34 10 17 47 74 24 91 37 17 44 309
90 35 89 38 7 97 69 74 23 61 11 9 73 33 38 64 41 25 87 39 68
78 19 7 47 66 75 76 80 67 79 87 57 88 90 70 18 1 43 23 68 428
50 15 71 87 4 76 98 54 83 11 1 12 16 8 68 61 23 72 27 7 38
98 64 26 53 78 39 94 79 10 47 53 23 26 98 98 14 74 35 25 71 72
6 93 99 44 91 76 88 87 69 45 63 94 20 52 22 41 46 37 54 27 44
132 91 178 138 48 27 1 44 9 27 137 61 379 242 170 295 335 388 441 965
