20 20
28 41 3 14 77 26 89 36 83 57 76 33 23 53 5 37 78 99 86 6 446
90 37 68 72 3 9 47 20 88 6 54 89 25 22 58 98 18 51 55 24 392
58 21 57 25 17 37 67 69 10 71 63 5 4 67 76 95 92 3 34 43 484
52 43 75 36 21 37 28 93 2 40 68 32 31 35 46 39 99 85 46 55 27
9 79 99 25 65 49 33 44 83 39 43 65 55 18 30 1 57 87 71 60 486
27 80 55 96 43 67 2 14 64 27 10 27 95 76 24 27 27 2 6 28 297
7 38 4 67 84 20 91 28 88 23 92 56 51 50 15 12 50 31 69 58 90
85 48 27 7 15 88 80 49 24 58 63 62 13 59 37 37 65 14 59 78 138
52 53 7 96 40 92 13 88 87 47 75 96 8 87 17 67 43 84 71 93 406
42 50 76 30 39 93 86 91 69 45 93 62 99 80 38 12 44 43 71 82 112
36 52 93 60 74 76 74 17 56 45 38 92 11 37 18 69 5 68 88 6 12
12 95 58 76 93 82 48 61 4 30 81 39 95 55 22 78 79 60 90 22 206
46 33 69 38 27 28 57 7 39 86 3 77 59 17 5 79 12 21 73 12 15
16 39 50 74 86 57 87 86 93 98 26 42 49 63 54 23 53 39 68 84 70
41 67 9 4 57 97 91 23 30 90 76 90 3 34 39 58 88 26 45 96 169
12 19 3 63 4 26 96 28 15 92 70 80 99 97 20 54 96 30 22 53 316
53 42 30 63 79 26 77 43 28 11 36 8 34 87 86 55 70 47 54 24 125
26 67 85 53 69 65 15 99 20 99 56 61 59 26 25 40 12 53 10 56 79
99 53 28 67 13 31 85 57 20 100 20 55 19 88 73 89 39 64 76 64 246
60 80 83 67 73 70 60 85 34 45 29 33 29 7 4 63 64 58 87 66 279
101 180 197 161 222 21 125 146 175 186 151 259 268 229 302 20 162 378 404 708
