15 15
24 40 95 64 29 89 7 27 86 50 2 96 17 90 30 492
91 91 14 66 84 70 54 54 47 53 72 90 38 40 2 384
80 17 99 51 68 13 71 61 90 64 95 38 68 37 95 231
14 34 55 29 62 66 18 3 82 44 86 80 97 37 61 106
33 94 85 61 81 48 15 18 95 71 19 87 13 9 10 289
42 73 95 56 74 93 13 99 65 14 84 1 66 51 59 56
47 97 39 44 32 63 57 2 80 64 43 36 82 42 16 39
46 74 74 45 21 31 86 24 14 18 99 96 35 68 96 15
83 21 21 45 22 58 62 56 77 11 46 86 65 24 69 145
40 80 92 38 88 7 38 50 86 18 84 91 68 52 100 84
66 60 52 1 88 59 59 35 39 39 69 94 92 88 43 62
77 73 60 56 44 1 23 84 65 65 84 79 59 25 73 224
26 56 94 92 84 34 11 96 80 51 56 25 10 61 61 295
66 55 75 47 83 70 83 55 11 75 93 71 44 65 95 168
93 36 70 5 85 41 98 78 30 18 11 19 23 25 4 395
99 158 162 173 185 151 149 64 29 200 82 362 156 499 516
