15 15
4 40 63 42 70 78 16 44 37 72 98 23 26 74 17 460
83 42 2 92 76 39 52 65 72 38 68 73 75 64 33 66
19 5 100 3 94 85 65 67 86 81 10 74 7 32 53 264
89 95 3 67 78 58 42 26 36 54 84 17 76 47 26 469
84 83 95 57 34 32 24 9 35 3 31 68 100 51 60 178
16 69 83 84 89 42 10 85 93 16 98 97 86 59 1 167
57 32 54 79 95 3 3 46 88 93 85 16 76 54 75 278
87 35 22 12 39 49 12 20 4 95 40 66 57 8 3 98
37 78 61 36 34 71 9 22 1 35 48 54 10 60 15 269
65 66 65 33 87 79 82 93 90 32 29 47 52 9 47 362
78 99 1 40 68 27 81 44 99 97 62 13 54 6 3 344
13 57 5 47 84 45 32 37 79 75 96 79 77 82 25 237
39 79 39 13 38 92 7 97 48 13 54 76 44 79 90 337
51 22 25 51 92 33 50 21 36 16 40 51 81 33 42 425
28 66 3 36 33 85 18 12 4 23 89 41 79 77 31 340
232 38 88 251 20 200 374 162 377 178 348 503 62 226 1235
