15 15
22 79 86 32 26 86 57 55 27 84 39 88 10 99 48 483
69 9 85 49 53 77 89 52 35 68 54 71 8 18 79 349
64 9 86 72 2 35 15 22 86 48 26 50 75 60 69 94
94 6 64 45 67 38 88 29 35 68 44 24 58 39 40 461
73 83 66 62 68 18 75 59 15 84 87 14 59 73 11 68
86 43 27 23 66 82 55 88 2 6 23 57 85 76 60 102
36 73 21 7 85 15 26 31 39 37 57 65 39 94 46 341
32 92 34 12 100 29 71 10 34 94 51 72 66 32 81 14
9 1 24 8 50 5 6 78 11 27 73 12 42 64 63 343
92 35 82 85 13 92 82 10 90 39 60 5 40 62 98 353
82 45 67 91 76 15 54 25 97 96 96 13 53 90 31 398
69 49 50 98 80 59 71 32 29 50 75 32 65 30 92 130
42 82 99 47 2 16 7 80 56 89 17 41 33 75 95 179
50 35 11 38 62 84 81 48 44 6 62 72 40 84 50 248
61 48 32 88 81 12 100 42 56 60 15 86 32 72 99 417
235 60 57 289 229 119 228 13 89 250 178 70 565 792 806
