15 15
69 96 18 93 70 59 65 100 22 98 42 74 80 63 41 354
38 92 62 79 93 2 28 64 21 65 35 52 56 73 70 479
32 55 33 7 66 4 50 90 86 17 83 60 10 6 67 152
55 33 63 66 35 70 77 72 100 100 60 20 15 88 100 372
8 17 89 79 25 54 68 74 59 67 13 73 100 21 34 130
99 37 64 69 4 25 37 58 6 93 23 45 19 82 41 491
41 29 29 42 64 73 86 47 9 99 28 43 84 19 92 493
20 90 87 94 95 63 79 59 36 20 48 33 32 46 59 421
87 93 27 12 93 64 52 62 25 32 98 54 45 92 57 58
69 29 54 90 10 19 37 18 52 85 43 36 78 27 45 192
45 63 34 24 88 28 90 15 24 58 33 90 43 14 16 357
9 5 69 66 34 86 99 89 7 93 60 92 4 17 23 93
26 77 91 65 96 90 43 38 41 18 15 48 88 85 2 280
71 36 77 17 28 78 49 84 99 23 24 60 46 80 63 454
13 50 94 54 80 60 65 91 73 68 3 27 100 75 56 410
216 314 131 204 316 5 374 212 21 286 354 419 270 442 1172
