15 15
26 5 48 23 54 75 77 38 95 15 30 93 87 50 86 475
33 38 28 44 70 19 51 69 97 92 82 40 44 36 59 196
27 31 94 73 61 26 91 32 73 91 88 10 81 51 91 265
84 2 33 9 68 80 76 18 1 38 23 58 10 15 99 321
37 55 10 55 55 75 85 22 82 4 7 24 61 59 16 122
76 17 72 35 28 18 26 76 25 7 6 35 7 83 90 295
31 5 9 93 14 50 1 49 59 44 97 73 18 75 84 350
16 70 90 1 62 5 76 53 9 32 70 69 31 69 23 267
75 97 65 93 77 77 43 16 57 87 39 96 64 4 72 256
98 32 3 88 6 27 54 77 19 81 64 54 79 19 92 442
82 55 1 56 16 34 42 27 29 90 40 52 99 35 35 21
85 84 98 37 8 37 67 92 56 58 20 5 92 24 32 172
11 25 25 19 20 73 86 14 23 94 48 49 68 74 92 401
22 17 10 23 31 69 4 5 15 73 14 23 95 75 81 93
44 85 4 94 94 91 66 99 3 75 62 65 21 87 90 339
152 181 218 222 256 71 316 181 151 289 173 256 53 195 1301
