20 20
9 39 33 85 13 87 43 50 11 57 30 16 39 53 81 80 40 21 36 10 184
57 57 21 30 50 90 73 76 84 16 18 39 64 81 31 62 94 74 45 11 222
20 64 15 38 51 66 47 48 93 9 46 68 27 86 82 52 82 4 26 99 327
54 92 21 95 41 34 81 73 38 83 38 89 29 88 49 91 1 32 62 31 278
20 21 58 82 62 70 65 63 6 97 57 36 84 27 33 5 16 61 82 58 163
67 67 6 96 12 83 2 89 35 18 8 1 34 45 79 48 94 8 14 65 16
82 76 42 82 57 95 98 63 96 24 43 69 33 82 11 46 76 2 70 44 223
19 47 86 99 66 96 59 69 87 34 92 62 71 82 94 13 25 80 74 10 86
2 45 47 35 65 3 77 22 91 52 24 25 28 82 87 50 37 32 78 42 38
38 44 22 15 19 85 29 42 37 27 90 19 65 31 18 69 65 11 86 51 254
17 20 82 77 20 13 51 48 65 34 50 57 21 47 55 56 31 7 67 2 97
82 7 27 6 74 75 56 85 8 46 31 14 97 91 100 87 71 41 85 78 141
80 86 91 94 27 57 12 60 29 95 37 86 61 36 5 51 64 76 98 40 170
9 29 29 27 5 42 61 70 43 11 8 16 99 38 29 4 42 22 69 16 383
54 83 66 24 38 48 92 26 56 96 47 30 58 57 24 58 49 67 10 27 468
17 5 94 97 85 57 87 60 10 94 97 75 25 98 35 71 81 42 77 41 23
56 73 14 85 64 77 91 13 94 98 88 41 69 56 73 89 78 95 75 28 114
73 28 5 72 24 43 62 94 31 6 31 100 46 37 81 76 24 60 3 53 244
79 39 99 24 41 48 75 100 49 49 36 29 26 3 86 11 18 89 39 91 459
36 63 46 1 32 22 39 56 41 29 69 28 59 41 46 45 71 64 57 10 396
99 86 181 186 195 96 167 56 95 221 174 78 178 184 271 380 94 129 565 851
