15 15
53 49 50 27 12 73 56 27 19 57 70 62 2 46 6 294
40 7 85 37 15 58 68 47 25 63 36 89 35 59 88 34
44 28 79 53 53 57 13 67 40 46 97 19 36 69 66 384
44 21 20 66 15 42 53 27 84 13 70 11 27 10 54 79
27 42 27 45 64 12 65 90 58 24 60 76 76 56 5 41
29 73 13 61 33 88 53 47 12 9 34 19 76 46 73 405
58 90 72 52 38 96 42 33 34 18 9 34 19 43 77 309
84 34 78 41 85 12 95 77 62 7 75 100 79 54 17 427
94 87 21 42 53 9 31 24 16 48 89 60 56 16 23 372
13 32 52 53 96 90 78 13 92 42 93 59 63 30 25 249
30 84 91 45 13 65 76 43 91 83 88 46 8 60 26 69
78 47 57 94 10 89 21 23 70 13 31 93 3 17 99 94
24 79 97 90 40 22 2 75 26 60 45 39 11 95 97 96
70 92 58 60 9 62 43 32 90 7 47 65 16 31 100 197
74 43 9 11 54 18 100 34 5 15 32 61 43 31 22 266
61 165 108 220 96 41 132 35 163 155 352 284 317 77 1110
