20 20
69 57 19 88 47 84 33 70 69 100 21 97 55 14 45 31 6 17 32 98 51
34 67 43 81 67 30 12 12 94 3 31 10 9 23 76 72 7 92 84 65 86
90 80 43 8 5 19 9 39 38 99 56 100 69 36 26 80 42 27 20 18 190
68 37 99 11 36 18 6 85 11 71 90 11 9 82 59 4 84 36 4 47 437
72 63 9 66 98 12 11 36 66 6 27 79 27 23 99 79 93 20 69 55 492
36 51 86 94 4 55 44 89 48 81 63 53 48 19 77 14 98 87 99 52 265
82 79 45 92 53 66 81 41 24 52 37 23 28 42 25 78 86 64 73 70 244
56 84 88 95 81 7 81 74 68 6 97 100 21 2 82 62 5 76 93 33 85
77 4 99 65 9 69 59 88 65 84 95 63 97 61 89 48 79 35 98 11 245
12 81 6 14 9 73 63 85 72 67 64 1 100 32 46 4 32 65 41 81 236
83 83 9 31 85 41 45 4 37 36 91 52 17 26 61 4 94 38 62 34 380
98 24 57 8 90 27 10 93 48 56 77 7 70 58 6 64 35 42 75 41 279
37 40 9 51 32 22 22 64 45 82 94 81 43 16 59 63 3 53 25 76 140
70 20 74 17 28 33 23 77 60 19 3 22 26 65 64 94 7 96 75 27 465
99 12 9 24 6 62 20 90 12 42 44 90 70 9 78 6 86 93 29 69 142
31 59 85 89 5 50 66 63 78 71 25 61 61 38 52 12 26 67 8 78 449
56 97 38 98 45 22 24 67 28 91 5 22 10 63 39 10 53 55 45 29 458
44 24 19 39 25 68 16 8 20 46 58 16 49 58 69 13 60 61 28 79 471
69 9 44 90 17 45 23 97 64 99 68 82 31 57 48 62 58 43 42 77 250
8 76 68 53 85 35 17 86 85 8 89 25 18 68 30 61 24 100 86 44 150
135 275 153 186 59 151 94 118 98 315 333 196 105 31 435 453 260 154 803 1161
