15 15
71 55 31 46 39 78 61 80 78 22 16 90 87 93 3 240
39 49 9 18 35 74 17 15 77 39 24 30 98 44 88 286
71 71 81 84 14 90 6 67 78 19 83 15 21 91 31 418
64 81 21 7 99 51 91 28 43 37 37 77 50 100 100 440
29 85 35 57 72 3 71 78 49 36 57 35 87 65 35 425
4 75 43 2 48 22 36 71 59 86 58 43 25 62 5 67
70 3 83 45 92 76 26 38 47 72 89 28 63 84 59 133
95 95 59 19 5 47 25 60 40 69 62 17 50 10 85 458
4 25 100 36 55 18 71 63 54 96 6 32 61 24 81 444
23 95 2 33 54 73 30 74 25 52 13 24 100 26 99 500
51 11 98 68 82 9 66 18 23 49 87 21 51 38 5 318
93 32 70 79 97 3 57 27 88 85 2 43 8 38 17 378
56 17 98 48 7 87 79 4 34 25 21 82 93 32 34 234
48 72 79 28 70 19 76 13 53 93 87 36 63 37 69 204
12 30 53 76 79 42 33 41 30 45 37 25 63 8 43 473
184 119 243 152 231 310 374 295 374 213 438 15 206 890 974
