15 15
50 71 49 11 24 48 100 86 23 18 34 85 25 21 77 175
6 21 91 60 66 99 83 80 7 7 3 77 55 44 64 210
91 45 42 63 50 89 91 59 61 79 59 26 9 80 95 476
69 100 4 66 1 47 33 54 22 15 64 92 23 86 38 48
89 74 58 51 91 18 28 13 12 33 84 85 70 4 47 408
72 18 95 79 23 50 71 36 96 84 57 29 95 2 82 393
40 60 73 47 64 59 1 82 67 29 49 26 15 61 22 383
24 27 50 33 67 52 57 38 20 67 53 76 63 4 35 143
65 54 77 65 98 6 14 50 96 46 60 50 44 15 63 129
42 31 13 96 76 61 15 87 66 24 95 14 9 57 96 112
91 7 58 36 55 42 68 34 96 49 56 17 60 64 15 348
39 33 83 80 68 41 32 36 66 32 56 97 89 9 11 313
10 15 43 92 38 67 84 60 95 19 18 73 54 73 85 311
20 38 68 57 38 41 42 82 99 40 89 66 44 6 10 437
57 87 59 50 58 54 7 78 32 61 69 3 100 36 27 470
55 250 157 322 31 161 328 233 5 29 149 140 315 465 1716
