20 20
74 73 52 43 94 64 65 97 40 68 20 9 34 40 83 62 2 10 61 13 462
29 55 88 10 64 60 24 24 3 85 45 10 1 50 94 29 100 50 88 25 95
48 61 25 62 50 39 86 2 74 75 24 28 60 100 89 68 84 63 77 84 318
88 9 100 8 35 96 35 54 71 98 88 23 77 81 8 30 76 64 11 48 11
21 88 33 87 89 82 94 43 32 90 19 17 51 50 64 88 53 46 24 98 107
24 46 2 25 32 18 11 91 72 97 14 14 1 16 38 28 48 29 70 17 301
84 98 31 39 4 86 32 33 71 47 42 90 43 19 78 39 9 67 43 12 339
60 63 67 69 28 78 65 8 68 72 47 92 41 15 23 54 79 95 68 46 319
12 63 9 12 2 15 36 78 94 96 51 60 63 100 8 10 80 98 85 20 280
83 1 77 42 44 26 59 82 99 76 24 83 63 4 31 94 93 49 1 61 90
89 54 28 100 94 85 94 24 65 42 30 23 11 59 70 17 59 40 26 87 334
99 100 45 27 14 95 29 69 48 87 79 14 57 43 32 17 86 94 80 63 312
99 30 1 34 47 46 75 34 78 67 66 58 50 18 12 10 77 89 3 54 267
88 36 52 47 68 79 12 77 8 39 24 94 74 99 94 16 30 73 76 77 175
7 45 67 87 35 3 41 55 17 34 72 22 37 2 82 21 74 70 30 78 352
49 50 61 9 76 57 29 83 37 11 86 25 53 42 22 6 13 90 23 8 21
44 56 97 19 61 37 38 69 13 85 10 29 4 24 33 57 71 82 7 95 405
75 46 63 21 44 57 2 83 14 7 24 32 21 48 29 10 54 54 14 99 440
91 20 5 29 91 84 76 63 81 36 54 25 21 100 22 77 60 45 33 39 82
75 4 73 4 62 51 95 10 54 74 70 92 29 9 90 80 99 75 84 15 183
171 80 237 22 236 135 286 103 228 185 57 181 16 203 67 208 231 541 344 1362
