15 15
66 23 46 16 84 89 54 61 74 98 16 95 51 19 3 325
88 69 68 74 61 49 66 15 91 71 38 16 92 36 23 352
54 16 31 78 29 11 55 45 5 81 52 50 59 91 91 303
82 39 66 68 85 5 86 38 19 12 24 65 31 21 44 236
95 61 55 94 88 76 76 7 33 18 13 100 39 28 45 161
50 53 30 73 88 26 64 46 18 74 42 31 34 46 80 432
7 18 45 2 48 87 85 42 94 82 15 6 17 59 10 17
83 76 19 11 77 10 74 49 55 25 2 48 71 69 77 176
26 5 28 15 44 73 80 13 42 90 46 88 48 18 32 37
50 35 43 58 64 86 91 12 60 3 22 82 13 33 74 200
37 8 12 52 12 61 37 96 70 87 74 6 42 43 80 289
20 73 60 57 99 81 79 46 42 39 19 64 59 73 61 469
79 45 9 19 32 83 12 97 91 2 88 18 40 94 43 329
36 64 44 54 97 40 58 63 27 1 44 60 58 26 65 482
91 48 58 6 21 60 96 90 77 77 78 62 13 38 33 325
56 73 34 141 288 79 302 108 397 53 352 453 484 507 806
