20 20
16 51 15 9 61 13 57 19 72 77 45 39 82 40 30 75 84 46 56 58 193
2 71 10 90 41 66 41 40 60 60 1 24 69 21 60 60 49 22 39 86 177
25 57 49 10 77 20 89 95 71 72 96 91 86 61 68 47 8 100 19 97 271
78 7 96 55 7 21 64 76 8 89 89 33 23 42 8 25 51 52 78 11 283
43 54 60 4 22 60 2 100 41 87 59 97 94 92 49 79 25 15 20 97 147
63 37 10 9 26 86 70 98 75 58 64 63 90 27 100 77 90 25 23 26 286
21 49 38 39 59 44 78 92 44 37 44 48 71 15 38 18 4 30 28 75 245
43 30 19 89 21 62 50 13 2 96 56 87 93 72 50 22 9 60 66 99 494
34 37 15 96 31 61 39 57 48 12 21 94 97 88 34 1 27 72 74 76 122
83 31 50 11 75 28 43 69 100 61 90 32 50 78 21 23 10 83 58 82 159
17 33 76 85 58 63 36 45 15 98 49 43 75 38 17 14 89 20 43 78 279
67 51 22 47 44 100 31 97 93 38 37 79 25 80 34 84 75 74 16 32 379
3 24 28 83 91 59 82 81 25 76 92 31 24 100 68 67 52 19 87 24 476
29 66 1 6 59 41 79 51 85 81 95 14 71 44 32 64 47 9 2 32 433
59 22 62 25 91 60 25 58 49 1 31 75 2 91 33 57 75 60 69 85 366
25 91 5 13 43 48 87 69 85 67 85 89 50 87 5 22 11 78 73 38 13
72 49 70 79 96 46 82 46 16 58 38 89 5 40 22 67 45 90 69 35 234
16 41 30 21 46 28 99 10 77 22 48 72 57 51 76 65 82 50 87 22 82
69 96 79 32 95 23 51 51 66 86 96 60 91 28 83 13 93 94 50 11 229
41 43 93 10 32 31 50 100 55 95 76 39 83 27 63 18 86 37 24 93 62
87 211 90 13 202 269 251 42 28 67 187 285 252 347 138 57 243 236 754 1171
