20 20
8 15 39 63 88 49 29 3 62 65 83 81 47 77 64 29 25 20 62 64 441
60 65 25 64 90 63 51 74 73 15 1 16 58 55 30 75 86 13 47 72 378
59 42 70 78 69 19 36 29 86 48 52 70 12 100 22 82 67 80 2 81 232
26 20 71 40 35 44 78 5 87 76 55 7 16 81 15 38 32 34 2 67 69
97 32 36 89 91 90 67 70 85 32 93 62 54 3 33 86 2 64 78 70 34
33 84 33 10 46 79 10 83 96 4 70 85 48 64 7 98 35 46 79 39 252
13 55 73 9 44 99 40 6 42 67 52 4 91 57 23 12 19 16 28 89 437
15 2 49 48 12 29 10 87 24 22 17 99 66 82 48 78 20 94 19 35 245
41 32 91 7 34 43 56 10 9 3 63 93 21 15 44 8 72 64 22 54 130
72 33 96 98 100 89 87 67 67 87 59 67 8 85 23 93 58 59 32 64 259
35 62 56 85 32 42 57 11 86 75 55 48 94 100 52 76 94 2 34 4 387
89 24 9 12 26 77 73 24 92 51 60 65 72 34 76 26 12 3 40 78 341
33 54 84 88 11 5 93 90 63 5 21 16 61 92 83 98 55 2 63 97 108
23 89 66 9 27 31 3 93 15 96 55 4 48 6 64 79 17 38 3 43 383
50 12 66 58 71 65 40 92 56 53 60 89 53 2 56 11 10 39 97 78 330
74 20 35 97 24 52 3 50 33 11 24 49 5 77 44 62 21 72 81 93 53
77 10 25 51 22 4 58 42 77 37 17 60 35 25 9 86 29 97 86 18 91
20 28 91 36 39 17 88 81 48 57 78 20 97 37 28 74 83 22 26 54 55
76 75 75 45 80 2 51 35 59 8 59 55 89 31 28 39 80 99 44 50 106
87 85 3 94 33 75 61 41 76 1 62 100 47 52 50 46 88 69 99 58 377
31 203 30 257 230 67 138 206 163 233 115 294 284 324 111 213 448 336 221 804
