20 20
43 43 68 66 37 71 74 7 15 92 41 55 75 3 28 70 52 83 33 25 286
8 75 6 57 30 86 2 10 18 2 100 57 72 90 47 91 43 78 58 30 225
48 68 20 3 100 16 54 62 28 42 60 86 82 100 31 38 19 91 85 14 485
91 67 20 43 12 52 44 63 31 46 63 59 85 50 69 59 95 61 64 37 21
38 66 76 57 85 51 27 22 61 20 4 1 66 24 70 51 71 83 86 46 284
39 16 70 33 89 78 63 90 56 10 38 43 74 98 83 72 71 98 44 50 489
50 66 37 12 59 9 95 67 97 69 55 86 50 100 9 95 84 16 55 77 58
54 42 64 90 56 53 39 2 37 94 63 5 1 100 93 69 16 84 22 27 256
4 70 7 87 28 38 30 93 98 87 88 40 13 36 25 31 57 99 18 95 343
29 81 27 51 56 25 95 85 54 10 88 10 68 6 3 82 89 61 20 91 10
70 93 33 7 22 43 57 21 26 45 43 74 100 61 66 29 81 44 99 25 172
25 91 47 52 52 98 25 4 69 7 29 60 35 68 7 26 59 38 28 24 458
55 25 55 18 76 66 23 2 83 97 65 34 38 32 59 41 82 98 13 17 276
87 83 1 70 20 2 63 1 9 64 83 76 6 44 18 71 31 45 78 82 175
67 41 79 86 69 76 50 7 57 70 80 43 60 22 43 100 46 69 79 3 347
67 34 56 2 36 73 40 83 56 79 41 68 57 16 66 57 78 58 45 99 297
43 26 34 36 33 73 49 71 94 73 94 46 56 29 62 37 7 91 65 41 336
48 61 85 8 47 55 51 84 38 54 94 67 85 46 67 49 11 71 73 34 304
51 79 68 71 10 19 14 19 50 59 83 79 66 95 19 45 7 80 16 69 53
96 43 58 11 50 66 28 83 4 23 19 23 7 80 96 76 97 7 86 36 497
162 170 202 158 18 279 3 297 88 32 302 304 151 181 351 434 176 248 554 1262
