15 15
79 70 16 11 18 48 17 31 60 46 87 4 57 44 27 395
92 84 22 20 60 30 14 3 52 79 3 43 62 97 67 278
35 30 53 54 86 53 74 93 16 97 9 75 99 94 90 295
70 9 16 70 72 23 71 1 65 69 25 68 9 73 58 223
91 67 17 91 66 61 44 53 95 10 99 94 26 44 56 144
57 30 22 33 21 30 49 48 23 60 35 36 24 26 10 399
6 13 5 15 91 96 56 22 68 46 97 42 88 3 21 414
33 28 16 87 62 48 50 28 43 80 70 38 61 84 45 170
59 73 71 40 70 34 74 69 32 41 94 28 29 54 67 349
98 20 73 90 100 14 9 21 90 57 37 89 29 86 19 124
64 97 59 28 78 5 59 63 58 19 6 34 4 71 28 285
52 79 77 17 16 39 65 61 48 10 87 48 30 15 9 14
70 99 32 82 67 16 37 76 33 32 99 44 46 86 33 370
36 5 82 68 45 44 37 59 8 43 18 66 7 26 51 299
93 39 99 37 50 23 61 91 85 68 29 61 32 84 60 420
10 14 69 174 242 68 60 57 46 85 296 732 591 746 989
