20 20
96 94 5 48 32 99 42 24 11 31 47 49 28 15 75 21 18 36 89 66 228
94 97 77 9 44 8 43 21 68 8 74 93 16 5 26 55 16 93 77 59 321
5 40 73 68 80 18 79 45 27 83 42 32 73 30 24 68 55 71 46 9 69
38 16 37 88 94 59 84 24 39 63 46 24 38 20 15 84 28 67 23 33 441
1 57 16 93 92 45 29 6 29 65 77 97 63 85 100 96 18 1 30 96 90
25 7 86 69 41 33 46 99 43 73 93 75 47 53 3 87 93 13 34 29 320
28 23 48 17 67 77 10 49 18 81 54 43 78 81 32 50 9 17 67 73 488
60 63 50 76 83 33 58 100 42 64 82 93 90 9 21 24 5 4 42 71 281
87 71 51 80 10 20 77 25 36 100 97 15 97 65 82 66 42 40 10 33 202
40 42 75 1 13 18 6 19 37 7 35 25 2 5 36 3 73 98 98 7 413
84 85 90 68 97 85 74 12 29 90 31 55 84 60 10 84 47 24 31 40 223
16 88 24 67 46 52 77 26 60 97 64 14 10 30 100 41 61 21 38 34 241
30 44 77 20 11 58 90 69 39 13 1 18 60 76 35 98 8 46 9 70 442
81 17 89 15 38 51 17 63 66 46 2 40 90 88 41 14 48 83 94 67 214
93 82 36 28 33 35 32 78 14 6 39 5 28 13 95 50 16 28 10 17 60
46 21 48 2 11 38 21 89 15 29 13 57 20 49 49 100 92 91 22 92 351
18 60 51 35 3 93 84 34 35 35 86 26 88 44 3 30 43 6 34 52 352
69 95 57 18 62 54 40 65 80 96 13 89 40 68 9 24 16 12 93 93 429
76 70 75 65 49 23 51 99 96 77 23 42 70 31 67 51 12 38 97 95 27
1 78 52 64 3 8 41 100 37 47 92 47 27 42 24 17 16 31 79 93 318
222 63 137 121 83 33 94 322 153 362 373 288 406 253 221 320 441 148 143 1327
