20 20
85 6 13 89 1 88 68 65 41 77 20 84 51 69 49 41 29 95 18 25 217
90 42 95 80 62 6 15 51 53 35 70 79 45 24 8 24 44 62 83 63 115
88 48 20 34 46 48 24 48 97 42 82 92 80 82 48 61 45 72 67 16 460
39 55 40 65 74 91 7 74 50 20 95 22 69 63 28 41 11 86 48 6 465
70 40 50 43 99 55 40 88 36 16 100 100 11 86 39 95 47 89 34 84 461
89 45 68 69 71 65 72 99 77 5 56 67 82 54 95 76 68 100 66 48 178
45 81 18 52 21 55 1 28 98 90 36 80 92 15 86 51 54 29 70 33 292
61 30 47 75 12 15 71 83 65 77 17 28 32 69 37 30 59 42 68 66 201
25 25 15 14 12 52 19 17 35 79 46 62 72 10 77 62 15 53 61 4 53
70 90 64 47 4 57 48 68 28 69 35 85 5 99 92 6 12 63 60 8 19
38 23 28 38 72 67 10 39 53 39 85 38 60 97 62 49 85 51 24 49 86
33 29 8 15 94 41 73 47 4 45 36 51 46 24 11 46 49 88 18 70 307
93 71 26 51 92 54 1 51 9 86 30 9 100 70 17 74 77 27 57 4 339
95 39 73 78 4 75 91 16 38 76 86 47 12 85 98 1 73 54 89 45 212
89 24 86 92 11 83 98 94 2 91 75 87 68 32 62 94 54 2 97 82 170
14 18 49 75 66 20 33 82 87 50 46 12 87 99 37 48 95 61 38 84 347
92 2 10 54 35 79 20 57 4 21 70 84 28 84 15 46 13 87 91 87 366
25 61 97 97 78 65 64 81 78 44 68 44 45 75 19 12 11 34 2 18 421
44 63 88 30 63 3 37 45 75 73 89 56 17 41 15 83 45 2 67 89 101
4 87 77 57 61 6 57 78 19 27 82 49 31 32 35 63 19 59 15 47 202
207 151 164 217 244 97 129 132 297 24 200 32 53 369 180 312 358 144 181 1521
