15 15
14 26 27 72 43 81 19 4 77 56 22 49 80 27 1 235
98 33 10 65 57 91 89 35 53 80 70 52 76 8 55 318
81 57 26 52 18 77 88 23 32 24 57 78 48 52 7 493
67 82 91 53 24 15 3 85 92 73 10 18 18 2 96 401
49 99 1 65 90 6 25 67 53 34 15 87 9 89 25 40
7 89 88 94 68 44 14 83 2 60 23 95 10 12 75 393
75 89 80 88 100 62 9 25 2 64 24 28 81 63 56 499
49 54 98 62 93 47 60 36 46 100 42 74 6 13 51 75
18 89 83 50 49 95 68 28 68 62 41 83 49 54 66 81
48 41 3 70 81 32 12 98 53 7 53 58 60 43 100 374
55 11 56 15 38 55 68 77 61 39 50 78 87 39 89 329
23 9 13 44 93 12 69 51 9 15 7 27 9 40 2 373
27 100 95 17 89 2 84 60 9 22 42 94 10 30 57 142
30 79 77 25 34 51 32 28 89 85 71 54 82 40 74 302
87 33 41 67 95 69 46 14 70 60 91 25 9 92 20 252
102 132 280 279 37 271 142 25 246 307 237 204 489 489 1067
