15 15
8 84 77 41 29 78 14 30 58 87 29 3 40 10 90 203
7 62 23 31 34 13 96 75 84 55 51 45 98 64 70 361
11 19 69 61 64 10 7 50 55 21 88 83 100 71 91 86
2 82 40 50 95 98 62 66 86 2 39 67 13 50 72 300
43 72 33 63 8 20 6 63 16 28 26 55 31 49 18 350
85 24 1 83 27 67 29 42 59 48 78 54 19 83 86 226
72 46 22 1 87 95 53 13 11 1 95 14 11 49 26 210
76 91 17 79 47 42 5 16 26 78 49 53 32 50 76 331
42 72 83 79 24 85 86 14 24 66 90 62 34 10 62 230
88 57 18 83 35 53 81 89 12 36 15 20 55 59 94 465
88 56 27 46 9 9 62 88 23 37 99 43 1 15 26 377
60 68 68 35 9 48 11 23 30 53 62 98 83 14 63 70
7 70 100 49 96 30 42 3 36 41 98 3 96 68 36 370
42 9 76 75 5 43 73 97 19 29 37 81 27 44 65 374
83 61 98 37 77 71 68 90 25 97 56 1 33 65 37 496
28 281 107 84 7 199 199 173 278 487 142 470 647 510 837
