20 20
18 16 44 10 55 53 92 98 19 69 61 19 45 77 61 49 81 55 2 55 395
77 14 22 86 25 49 48 11 26 26 82 73 1 23 47 18 6 30 52 59 435
38 74 48 81 84 64 80 30 9 53 35 15 98 47 17 64 35 34 96 97 292
43 88 38 15 9 33 78 95 57 49 68 19 71 30 65 63 69 45 97 71 290
9 95 62 44 64 36 35 59 39 33 76 8 33 92 78 22 61 7 78 41 231
82 79 10 69 8 54 84 7 54 49 66 86 14 91 57 45 41 97 10 13 185
84 63 52 64 37 79 31 33 93 3 4 41 42 94 91 28 11 77 76 55 404
40 72 44 26 15 12 73 88 90 93 49 13 86 4 37 33 41 3 38 47 178
36 78 49 59 22 44 99 26 18 61 75 52 2 95 1 9 27 39 1 79 74
70 68 71 56 14 49 43 48 49 73 84 44 23 54 82 13 71 9 74 3 188
40 40 13 42 71 32 47 81 30 65 90 44 40 25 6 66 1 23 22 66 280
32 75 73 53 80 81 12 64 46 72 36 5 28 24 94 72 97 49 96 77 282
22 5 80 31 75 49 79 20 32 92 15 60 52 30 64 4 17 41 32 40 473
6 85 28 65 23 41 18 9 88 59 73 82 73 35 8 1 10 90 76 65 356
88 1 98 85 73 54 98 47 68 2 27 34 49 93 72 85 100 77 15 24 414
71 81 52 60 52 25 84 97 98 7 99 54 33 27 7 97 38 94 64 79 248
8 92 23 35 74 15 33 11 13 6 77 81 5 74 25 75 40 26 57 78 369
35 94 36 30 69 63 23 100 40 97 13 13 36 45 59 25 34 78 62 30 47
31 62 3 23 5 85 58 96 81 85 11 16 12 87 24 64 51 22 4 98 173
50 87 97 72 49 20 95 90 4 91 17 82 100 24 23 44 96 73 5 59 207
85 248 11 96 229 185 155 208 314 361 315 104 190 36 106 262 140 430 288 1758
