20 20
45 46 62 82 69 67 100 77 85 52 82 20 27 50 22 90 53 26 53 46 472
6 83 18 88 99 33 88 60 36 31 45 34 8 84 97 3 43 33 69 35 437
35 15 73 53 61 11 41 40 16 55 23 92 96 8 72 36 45 92 24 23 328
6 82 11 99 97 87 98 37 61 38 84 11 68 85 4 17 48 59 28 26 207
84 93 58 56 74 41 3 57 61 29 53 67 62 5 80 71 65 87 37 2 246
56 35 42 99 78 9 44 13 57 69 48 26 81 78 23 80 35 53 18 66 163
20 82 66 43 56 33 4 12 95 45 81 50 47 23 66 52 73 9 28 83 23
29 82 79 98 92 16 47 57 8 74 73 58 84 74 7 45 99 63 26 81 264
43 89 80 96 86 77 56 41 53 18 69 31 100 25 78 89 34 48 16 9 182
52 72 54 45 10 98 9 72 52 30 97 63 31 90 78 90 36 68 33 69 453
65 62 12 65 79 1 5 38 24 24 52 95 43 15 36 71 77 68 59 64 365
18 89 33 74 66 47 58 52 74 27 50 95 54 83 12 90 77 7 8 34 147
84 29 36 63 95 9 96 38 18 7 7 3 1 27 10 71 73 41 16 7 487
13 98 80 94 89 29 79 22 37 40 82 18 36 78 52 78 78 18 35 97 253
67 9 73 52 37 14 58 51 70 38 28 53 32 24 18 90 97 30 94 98 38
2 40 37 41 80 34 16 11 6 33 76 55 33 30 83 78 66 72 69 55 453
3 58 54 4 96 70 88 14 77 39 3 78 7 63 65 67 79 23 4 30 345
22 94 59 24 26 86 1 27 14 7 57 22 61 16 11 48 74 100 19 59 210
14 18 72 57 53 98 54 64 26 97 87 93 83 78 73 86 31 5 76 34 496
63 14 89 32 21 90 87 14 53 97 78 18 36 1 79 41 8 2 59 20 85
55 31 76 107 185 216 242 231 265 59 373 184 23 142 74 590 140 813 140 1708
