20 20
68 65 3 65 6 64 3 69 42 5 66 96 17 55 23 26 96 56 4 69 35
1 52 48 81 59 7 95 10 49 100 2 80 3 30 97 39 15 68 11 92 389
23 49 88 64 7 42 38 47 33 90 1 19 51 98 55 87 6 52 28 39 82
10 98 60 71 62 3 34 39 53 64 95 18 58 80 35 12 58 23 2 4 196
24 16 83 84 4 31 95 70 58 31 58 67 7 20 2 69 21 54 72 96 151
77 27 6 19 51 6 68 45 19 15 94 93 4 73 58 30 35 54 29 2 124
87 1 31 42 96 67 69 72 89 16 81 77 21 13 71 36 32 27 17 36 73
59 44 13 3 99 74 30 16 39 66 59 44 8 99 95 96 35 18 79 29 227
12 50 52 62 14 22 47 81 63 41 48 99 5 90 61 81 29 79 11 88 348
66 32 84 31 58 50 46 25 67 72 34 20 88 100 61 83 29 52 45 11 192
98 85 77 79 37 30 93 58 85 7 91 84 41 63 62 28 46 6 34 90 426
32 53 86 67 70 58 40 6 19 5 80 12 97 2 17 68 15 49 31 54 22
94 81 1 29 60 2 6 81 35 51 56 81 62 100 19 74 1 56 20 17 187
49 33 18 26 27 94 9 6 45 9 8 8 33 34 22 85 1 11 88 99 399
96 69 6 28 50 85 93 92 30 94 94 25 33 87 10 1 38 48 95 11 76
23 36 16 82 97 77 91 12 60 49 94 80 52 83 57 62 91 45 34 82 202
68 15 92 13 16 49 29 8 71 100 70 79 27 6 91 39 21 78 50 20 83
98 12 64 41 72 72 100 16 62 45 68 95 98 10 100 43 97 27 57 13 222
63 98 35 36 80 44 33 67 89 80 69 43 20 53 7 67 78 66 72 51 282
57 28 40 91 68 59 62 28 19 46 62 94 88 92 33 89 36 33 8 2 20
82 116 14 107 81 55 93 244 209 150 193 181 8 156 147 146 67 99 197 1391
