20 20
95 9 72 37 57 73 81 2 91 65 64 4 12 39 57 30 51 19 18 75 428
47 38 83 20 79 61 99 61 75 33 61 18 78 37 81 29 75 27 54 80 206
1 54 79 66 40 24 18 26 73 52 48 87 35 82 79 23 92 92 30 61 264
20 60 12 31 12 15 85 40 51 54 10 97 6 77 91 90 33 100 62 52 484
70 77 18 62 15 92 68 27 80 25 18 2 70 47 11 79 48 21 19 3 153
25 77 45 38 67 88 16 92 47 89 69 63 63 20 60 24 42 23 17 85 109
53 6 46 27 38 5 16 49 25 24 81 2 62 98 63 64 56 96 2 25 425
56 94 20 77 33 10 4 71 6 82 82 86 70 42 86 88 63 68 7 25 395
71 6 23 33 82 33 57 33 41 40 85 84 38 2 65 62 95 80 22 68 132
1 36 27 57 78 50 2 78 35 32 53 10 8 34 62 75 85 4 58 57 339
46 63 94 13 22 24 42 42 34 16 24 97 23 9 12 59 1 38 41 15 325
96 31 49 64 49 20 31 75 47 33 77 31 21 9 74 64 16 70 37 2 411
98 78 72 16 37 50 49 64 51 55 42 68 82 5 3 88 100 32 85 81 151
77 76 19 62 53 71 47 54 75 93 54 95 8 91 56 8 41 35 56 59 346
72 80 71 76 38 99 25 74 53 99 54 34 6 79 34 39 76 23 18 69 454
21 11 2 77 39 64 23 61 45 89 46 24 8 77 1 95 21 28 73 59 361
35 5 4 6 19 38 38 45 91 44 33 68 76 80 37 81 83 97 85 12 345
72 8 33 1 6 86 12 30 78 51 90 61 51 94 79 54 87 68 42 32 354
77 32 93 68 26 81 72 57 35 3 86 1 86 27 21 88 98 51 62 8 410
15 36 63 39 89 8 81 19 80 83 22 35 75 3 39 84 67 77 36 39 254
4 276 259 202 134 224 31 93 87 436 335 209 70 368 467 242 405 575 823 1106
