20 20
18 29 51 88 17 28 57 88 15 37 55 78 43 26 35 41 5 30 1 36 438
31 39 26 29 41 96 91 16 66 93 47 11 96 47 82 30 6 3 61 42 240
25 78 44 27 27 71 58 99 52 55 85 94 33 75 1 86 22 7 20 10 139
86 21 60 65 17 93 5 31 5 84 71 25 33 3 100 70 28 41 62 9 285
2 4 68 89 10 53 66 35 40 94 8 34 44 99 72 32 82 43 69 30 83
41 63 14 99 46 16 40 37 17 20 51 74 80 62 3 52 84 86 33 45 428
4 17 85 14 97 45 62 80 64 100 28 80 45 64 42 33 23 46 27 94 460
98 66 93 42 45 94 2 9 42 43 96 56 52 3 92 96 10 11 13 90 112
24 91 69 43 64 56 94 30 35 75 45 83 40 98 40 15 93 60 28 37 371
77 70 11 37 5 42 94 58 69 13 42 41 100 63 5 96 58 8 72 35 66
77 81 62 62 22 21 85 82 6 75 14 100 80 17 44 33 80 59 33 49 25
58 27 77 68 43 13 94 90 26 81 67 53 49 28 48 63 39 94 39 48 240
87 8 35 33 23 78 11 13 37 68 11 8 80 77 79 97 61 57 100 66 290
71 93 22 35 25 61 43 49 10 79 34 81 41 86 28 6 40 40 89 84 113
50 9 89 2 50 9 82 38 75 29 70 46 15 54 5 67 50 61 31 74 130
46 54 14 54 15 77 21 85 94 56 56 73 56 27 7 80 15 5 20 34 123
26 23 25 12 42 28 30 79 76 26 36 70 94 28 4 55 19 43 44 69 291
64 43 26 82 31 20 45 28 36 64 99 12 8 3 90 82 96 32 40 86 234
29 86 61 36 69 65 32 4 47 70 11 90 74 42 71 54 23 56 67 47 229
86 98 25 59 68 88 65 94 56 11 58 89 73 39 83 72 56 72 37 84 381
35 82 243 23 125 147 275 32 99 28 165 201 48 323 250 60 145 556 735 1106
