20 20
51 96 55 33 83 82 54 59 45 31 60 36 37 19 76 71 79 79 40 24 264
54 7 95 70 14 81 33 79 32 76 54 84 89 41 12 2 11 1 21 38 318
3 20 65 52 60 64 72 88 91 79 67 55 63 68 31 5 97 83 44 6 306
44 87 12 53 33 16 2 31 5 29 77 58 16 63 5 1 65 6 85 96 26
9 33 35 93 88 40 23 18 15 76 28 85 72 95 11 71 47 3 85 86 295
3 16 8 26 52 73 61 32 11 13 87 62 25 59 22 70 61 59 97 82 446
29 63 6 68 13 94 1 30 97 49 45 7 27 55 25 43 4 58 2 21 185
18 5 57 39 73 36 69 17 99 21 22 5 40 22 58 46 47 29 76 15 33
25 46 1 53 23 98 12 93 33 13 30 12 89 72 35 68 98 35 90 34 438
15 30 40 86 50 81 4 24 34 30 21 2 2 2 85 99 32 71 24 95 164
17 33 17 56 23 2 6 13 31 90 96 84 11 1 86 35 48 27 97 70 86
29 67 99 47 10 25 85 15 61 17 99 84 51 16 58 13 62 46 6 60 304
8 100 62 16 79 21 89 84 95 26 78 7 76 30 60 33 3 47 72 97 243
7 48 27 77 75 88 42 48 99 10 89 29 85 18 15 60 74 57 22 13 416
44 36 3 66 47 66 46 91 89 21 81 4 75 58 96 93 61 20 55 91 288
84 86 88 33 87 79 85 32 9 6 56 33 83 75 43 71 85 68 24 81 124
5 36 67 22 8 32 15 41 71 40 18 98 99 32 29 73 58 73 32 54 361
59 60 65 72 18 37 73 41 10 97 70 61 1 44 7 62 83 56 76 7 288
96 68 70 22 41 42 74 34 100 55 44 77 78 95 39 98 24 8 95 32 39
45 23 71 27 29 38 6 35 83 14 87 52 73 78 70 79 78 32 98 76 389
209 23 6 276 151 111 21 89 40 186 302 112 382 310 369 152 80 270 661 1263
