20 20
29 11 61 40 33 89 25 67 66 38 19 63 31 38 66 79 14 17 39 74 493
63 42 75 24 80 61 15 88 86 80 45 73 76 23 28 94 42 34 70 74 31
50 65 99 36 4 94 43 23 51 21 42 61 35 76 36 87 86 29 87 100 171
40 57 78 70 59 69 11 3 63 21 21 68 99 14 96 38 1 49 76 61 56
52 64 97 93 44 33 76 84 86 54 64 13 15 14 4 71 32 99 91 22 147
97 57 10 14 49 48 2 32 70 11 83 35 44 53 18 79 55 23 35 13 296
29 14 64 68 66 12 30 84 100 42 33 45 57 99 75 8 2 24 8 49 453
18 38 15 12 10 18 42 92 37 30 91 91 34 22 46 39 79 99 70 28 429
39 3 42 70 27 62 97 60 1 75 89 45 37 24 98 92 63 87 50 28 73
67 48 76 68 45 34 85 97 35 19 98 9 63 31 50 52 26 8 61 83 388
64 54 65 97 64 21 32 78 60 74 77 21 74 47 57 47 29 99 86 88 177
21 44 97 16 67 100 63 25 58 6 42 86 81 40 3 31 63 18 21 10 90
58 49 68 32 52 65 61 75 60 13 78 66 54 27 61 81 57 55 3 56 130
96 49 6 49 73 95 70 59 32 10 10 91 4 41 98 57 10 2 98 45 477
55 62 91 98 23 75 87 46 30 33 3 97 34 46 62 50 82 5 43 78 472
58 88 97 48 66 39 14 83 91 93 69 98 10 72 55 93 48 72 46 45 174
8 60 87 54 89 72 81 36 23 45 39 51 69 24 47 58 89 81 47 22 239
46 38 9 63 8 88 58 2 43 71 51 45 20 86 7 94 23 88 7 19 284
40 43 64 13 49 11 33 25 99 96 52 35 10 1 84 33 28 76 1 76 201
43 55 7 97 1 88 72 19 43 46 15 39 21 32 10 98 47 62 51 97 406
51 131 216 79 22 57 24 117 166 263 346 333 22 88 384 561 443 385 8 1491
