20 20
78 94 23 52 58 64 92 4 76 51 9 90 51 94 7 7 72 92 27 8 251
71 14 47 84 82 87 81 96 95 63 68 10 48 94 33 51 98 77 58 86 445
36 49 32 15 9 40 21 6 2 69 60 62 31 42 58 6 23 63 67 24 341
44 54 29 35 83 93 24 51 76 45 41 38 96 27 77 31 80 71 2 49 156
62 33 17 61 45 33 52 56 3 89 52 37 54 99 100 99 98 18 54 88 30
44 65 58 45 34 53 85 28 95 84 95 48 77 22 40 93 18 54 9 12 37
38 17 74 6 34 80 85 39 63 14 77 84 75 98 85 27 58 36 36 39 67
29 70 26 22 24 33 63 61 7 70 46 2 3 77 48 60 82 72 26 51 45
31 34 46 90 40 99 10 28 7 30 78 87 47 17 90 73 13 15 62 36 27
9 86 9 25 7 60 58 65 51 6 9 29 20 76 20 60 52 11 81 19 354
45 50 51 100 68 17 35 1 82 53 10 42 81 78 10 91 56 77 55 52 225
69 20 75 39 25 10 76 96 20 24 89 71 28 11 50 62 28 48 59 39 161
60 78 36 3 91 8 13 38 97 8 63 6 23 48 55 83 81 97 1 39 332
77 74 60 5 15 82 23 24 68 39 13 10 72 11 91 33 10 38 76 56 310
71 26 57 21 37 97 51 94 72 59 29 49 19 92 94 77 80 46 8 19 370
37 61 20 39 64 45 51 53 82 2 35 37 65 97 100 1 55 2 44 49 106
75 3 59 84 98 75 12 73 79 85 80 86 95 63 55 68 91 16 30 100 248
29 42 1 39 50 70 46 11 33 88 2 64 76 4 75 60 85 76 93 13 457
76 23 56 18 41 44 43 46 45 27 20 75 29 8 69 24 69 19 98 22 274
59 26 58 20 67 57 78 25 65 100 100 39 12 73 34 13 94 28 20 70 28
16 63 68 25 69 254 140 101 33 268 105 66 66 339 38 381 231 82 704 1215
