20 20
35 26 34 45 17 79 87 2 91 71 53 34 57 24 74 90 83 45 68 74 23
25 32 33 48 57 41 2 45 64 79 19 61 20 58 50 45 100 93 88 93 487
75 4 56 91 97 1 18 28 99 9 4 10 32 100 73 86 100 26 6 55 274
30 46 58 40 94 28 84 88 86 44 15 28 4 66 45 84 69 57 31 30 454
27 48 15 45 65 42 53 87 89 3 47 45 55 70 66 88 44 48 24 21 15
12 79 76 28 51 65 75 51 69 20 93 53 42 22 8 16 36 94 88 58 488
11 40 67 21 27 53 67 25 45 37 85 12 77 72 17 12 71 17 87 49 298
99 82 30 82 2 38 1 60 22 37 93 76 48 43 36 65 14 78 65 73 415
63 54 28 44 19 18 22 6 92 43 85 83 95 42 92 58 81 28 17 43 115
25 76 74 51 37 70 18 60 59 52 51 4 61 53 2 36 97 95 19 9 30
78 21 38 1 79 74 30 55 29 68 4 87 99 64 18 10 15 20 56 55 77
35 2 40 97 82 45 54 9 78 54 67 34 38 73 8 82 35 98 94 41 468
39 74 95 27 57 28 2 33 23 63 70 45 15 87 31 4 21 11 96 98 144
85 74 49 56 68 26 34 5 38 85 68 3 70 36 99 83 87 18 99 5 325
6 53 16 19 8 55 21 69 48 27 65 38 51 1 47 32 61 90 98 84 112
55 37 90 86 62 32 43 13 78 34 49 99 44 52 47 84 83 50 32 13 121
25 15 12 85 73 19 79 94 18 12 100 76 6 87 6 40 16 15 100 51 70
22 95 94 33 11 23 94 68 75 23 19 49 7 88 21 8 9 49 27 81 416
7 47 9 42 19 2 72 64 98 58 5 54 13 37 54 98 7 26 59 99 88
47 36 89 44 82 24 36 9 23 62 54 19 72 76 8 73 54 93 55 37 500
142 62 57 229 48 49 100 122 4 75 402 13 178 422 384 97 440 240 647 1209
