20 20
23 64 94 54 99 50 20 17 73 35 32 63 16 85 5 96 53 100 87 32 225
49 76 4 73 41 57 24 79 13 57 38 90 95 73 66 21 40 43 70 68 353
17 7 47 97 84 49 5 47 82 29 96 97 18 91 24 52 4 84 18 38 149
16 51 46 17 77 16 55 36 14 29 96 53 4 42 42 38 87 41 86 89 196
43 78 78 84 61 36 81 10 52 70 13 60 28 92 28 89 80 16 29 17 229
19 62 84 21 92 54 1 87 13 88 78 24 50 3 12 85 72 61 98 41 469
36 11 99 67 63 46 43 74 69 21 57 69 23 89 29 44 34 49 56 52 344
75 88 2 81 90 28 85 83 19 59 72 91 90 24 71 72 66 95 75 5 382
84 69 13 2 47 75 40 33 18 93 45 52 78 37 15 31 100 89 44 20 277
26 19 88 23 97 10 52 88 29 63 17 61 15 47 52 41 35 37 3 5 226
72 50 55 50 9 26 17 100 31 37 31 99 62 97 9 93 25 79 38 4 376
44 55 61 48 39 34 33 52 100 26 100 20 85 6 22 28 45 78 28 42 408
83 65 66 83 29 56 76 4 57 18 78 82 29 79 32 36 33 33 97 6 463
50 6 21 60 47 16 1 63 33 47 56 15 43 45 51 29 53 25 46 59 136
66 30 52 79 5 91 34 64 61 83 86 12 5 91 96 51 21 48 3 94 343
75 56 41 87 62 60 80 11 91 71 55 67 71 24 58 21 26 16 14 75 429
80 26 83 96 17 53 82 33 44 62 64 67 75 4 88 26 30 37 95 95 187
84 26 73 82 60 77 56 92 70 10 26 72 100 81 40 93 39 29 86 30 482
92 86 46 46 51 52 3 18 44 95 9 66 63 45 7 89 83 35 64 69 350
11 63 2 71 45 19 54 93 18 28 37 23 82 83 11 81 38 20 79 41 383
314 208 300 151 34 269 307 103 267 247 320 297 321 409 387 334 53 562 91 1433
