20 20
59 6 8 35 69 46 25 30 83 98 41 73 11 69 56 90 64 64 48 100 85
61 1 96 86 64 24 51 13 50 73 35 80 10 97 48 5 54 42 66 52 257
85 43 36 12 32 19 32 21 59 19 96 36 91 48 67 43 40 9 72 78 314
75 100 86 48 1 61 24 32 93 86 3 13 77 47 17 3 65 42 58 36 278
3 70 94 7 71 63 33 64 54 68 35 80 60 93 23 7 72 2 5 28 460
52 57 52 42 20 87 55 40 33 92 53 53 54 12 97 80 38 82 44 33 49
45 81 12 24 13 64 41 37 74 91 86 85 70 26 93 3 52 26 7 24 314
51 75 65 48 87 42 91 32 26 90 82 75 7 31 80 11 38 9 63 100 355
58 24 71 88 43 78 69 54 29 47 1 99 19 48 24 46 97 87 84 48 131
41 32 31 95 35 11 45 8 50 10 77 12 19 3 72 82 60 50 51 23 462
38 55 25 66 2 8 76 32 57 96 40 55 97 94 80 89 82 54 16 68 356
24 35 18 96 100 72 39 39 74 25 18 93 89 82 67 64 78 9 42 14 103
3 54 100 49 54 2 77 50 40 62 46 51 76 82 19 50 82 27 73 14 383
23 52 56 26 67 31 38 81 77 3 89 19 19 21 56 47 75 1 66 77 496
3 52 46 10 8 9 27 92 25 75 73 43 13 76 33 85 88 71 42 38 204
75 39 20 43 45 76 14 17 55 10 49 60 19 92 73 4 25 70 69 27 418
39 8 71 89 62 95 40 81 22 49 4 48 17 41 43 96 41 22 40 84 76
13 6 14 66 37 9 29 48 47 52 71 33 32 81 33 80 48 91 19 36 279
37 97 31 71 78 57 83 43 52 56 36 78 35 49 50 25 66 79 66 60 270
36 75 14 1 27 52 94 69 39 75 49 5 39 48 92 27 100 44 38 8 257
191 43 194 227 160 64 256 166 16 131 134 333 67 367 46 212 538 518 332 1552
