20 20
68 73 25 7 74 72 49 87 31 26 91 48 2 86 83 97 4 20 44 56 326
46 42 36 89 22 42 28 54 48 79 4 95 92 68 58 47 38 1 27 85 189
56 81 77 49 45 53 94 96 40 66 88 71 40 23 75 17 15 45 45 21 352
40 1 24 10 90 50 70 39 43 23 29 46 63 8 43 7 99 56 13 16 102
32 13 27 58 53 23 4 57 81 75 32 94 22 45 48 32 9 68 46 71 93
26 43 28 100 98 63 19 3 13 81 48 98 96 2 44 12 62 38 59 33 48
94 52 18 24 75 95 5 51 70 26 75 45 64 67 10 30 64 62 84 57 66
10 88 51 4 21 35 90 69 33 88 15 44 41 9 75 74 40 51 82 97 474
79 32 92 13 32 41 12 68 47 62 87 48 79 93 80 83 16 64 55 70 153
87 30 89 73 8 90 48 8 63 82 60 32 81 26 31 31 92 57 33 38 173
87 51 32 19 27 86 48 49 38 77 15 27 23 2 99 89 69 33 28 57 254
1 15 3 66 9 63 53 9 81 39 6 99 51 7 65 19 22 15 35 59 54
94 99 20 8 55 86 88 23 2 58 67 70 81 8 67 67 52 54 3 86 203
91 2 89 70 28 85 27 28 22 69 67 38 44 98 54 59 36 59 60 23 254
18 46 45 45 37 29 62 3 1 97 89 42 27 56 92 38 27 34 74 15 496
92 85 83 31 50 40 90 23 16 72 42 20 80 70 64 40 48 17 62 31 195
78 46 68 84 49 13 50 44 83 66 27 31 44 97 69 62 82 13 13 5 97
93 66 86 95 92 34 94 48 90 12 58 38 46 55 80 10 34 71 38 32 348
76 11 20 12 9 52 71 48 22 33 89 53 28 58 86 67 82 81 49 77 343
38 100 61 88 64 22 85 29 97 29 14 71 21 81 79 32 86 20 5 4 153
141 15 24 9 237 61 26 279 98 125 252 341 145 304 224 127 282 359 38 1286
