15 15
74 3 89 37 95 27 22 69 76 97 34 70 74 16 42 357
100 24 67 81 55 31 83 70 74 8 100 71 32 65 78 294
7 62 97 61 40 37 38 12 78 92 86 52 94 27 29 304
99 99 63 41 37 100 71 95 59 13 69 43 12 59 89 193
9 92 94 93 15 37 41 47 10 11 67 13 77 24 82 113
64 59 70 16 61 42 4 25 81 29 66 3 67 85 45 79
83 31 74 26 46 1 88 3 33 7 9 40 31 41 74 318
29 57 25 57 89 82 59 19 37 71 45 21 70 29 73 195
7 2 59 40 99 44 42 24 64 3 17 73 80 9 20 131
59 5 8 56 4 93 26 76 47 95 82 78 46 42 21 27
74 53 67 16 17 84 19 56 93 76 22 6 39 84 88 443
41 66 37 47 48 47 21 95 73 40 15 30 27 86 16 350
28 67 62 60 94 23 21 18 71 85 59 49 4 1 6 107
69 40 34 25 67 38 68 61 26 13 32 32 92 89 43 165
88 13 58 44 23 43 18 81 71 49 19 69 16 74 25 21
174 35 42 14 69 88 94 81 205 187 196 45 558 615 694
