15 15
86 17 60 46 16 77 43 52 33 58 94 98 81 25 29 323
92 6 49 59 9 61 10 90 94 84 30 88 88 92 46 136
21 33 4 96 81 24 17 65 3 47 11 62 12 97 98 175
14 94 54 44 64 47 46 31 11 76 35 15 1 2 49 68
49 62 3 35 61 10 38 92 45 74 31 85 82 19 94 94
94 87 33 45 71 96 17 13 85 45 98 70 75 33 39 219
68 13 7 40 6 57 68 80 26 89 91 19 91 68 97 375
97 45 2 61 66 94 33 13 82 37 24 52 92 13 9 302
23 77 79 35 2 63 49 20 9 95 60 16 65 91 65 101
78 13 74 53 32 36 18 20 23 5 23 22 90 16 98 235
57 14 58 2 97 81 42 52 90 46 21 12 73 13 86 492
99 89 30 52 32 24 50 7 62 78 43 26 93 76 43 439
80 13 19 4 86 42 92 29 70 48 51 56 40 57 15 183
51 21 98 20 56 86 96 41 82 16 13 65 59 18 14 193
61 9 78 87 69 37 38 29 18 83 96 15 53 21 79 185
70 58 199 131 203 140 241 225 154 55 392 355 98 126 1073
