20 20
23 89 94 87 74 36 37 49 15 12 29 96 12 83 92 62 10 54 63 38 291
97 97 49 75 66 29 10 27 33 3 29 72 23 19 56 8 16 9 39 9 163
86 20 84 90 48 48 91 38 25 70 61 47 80 73 96 42 18 79 17 46 135
1 4 67 20 17 22 95 76 70 54 7 29 21 77 18 15 82 5 43 55 126
69 36 22 80 84 12 58 88 65 86 76 64 41 69 46 48 67 86 80 62 424
87 51 24 2 6 88 20 37 44 84 18 7 88 96 54 96 59 93 82 63 200
90 23 40 18 52 99 63 12 79 92 20 16 79 79 91 11 21 4 10 7 398
8 51 1 60 4 86 45 43 42 39 29 36 64 34 61 12 41 65 60 31 107
41 48 94 38 12 64 7 57 55 81 66 46 56 55 93 63 97 4 25 86 355
11 60 73 88 87 38 42 46 78 98 29 89 10 13 15 96 66 38 11 84 340
19 87 61 88 85 1 1 93 12 66 33 9 71 38 50 27 72 72 5 21 310
81 13 13 20 60 21 39 47 59 94 88 46 50 76 36 28 75 60 43 37 466
61 18 60 14 91 51 20 37 97 46 76 39 42 95 95 38 7 78 74 2 135
98 65 29 11 98 75 31 48 52 61 42 8 75 32 18 30 38 57 71 33 387
52 57 12 90 97 87 84 70 20 93 60 1 82 9 47 60 31 100 40 82 286
43 9 21 70 65 24 38 22 63 54 36 11 59 16 68 48 32 32 96 56 245
100 52 89 40 19 56 79 60 41 46 42 100 34 94 70 19 82 72 96 73 87
4 42 94 31 23 60 37 80 80 43 85 91 59 70 64 42 86 78 9 13 439
67 1 21 98 39 66 79 77 2 100 86 82 43 2 59 15 3 31 9 69 169
64 77 7 22 96 72 51 80 79 10 67 16 66 1 86 48 90 51 53 59 13
155 259 134 79 45 71 189 300 76 40 119 65 96 140 152 560 322 69 946 1259
