20 20
95 94 66 27 9 47 27 54 42 37 38 17 36 44 1 68 41 68 69 48 360
95 95 99 33 32 54 29 52 53 91 54 18 54 36 39 68 88 79 23 63 113
23 99 88 47 66 92 26 31 7 49 35 36 47 18 64 78 100 13 30 91 197
69 88 99 24 26 50 41 47 49 13 85 42 59 47 40 49 50 12 93 71 265
12 91 1 20 43 25 42 72 39 73 68 18 90 88 12 52 1 51 21 77 108
30 78 94 50 66 67 31 6 45 57 55 95 44 1 58 47 84 24 92 19 265
95 43 37 68 4 28 88 17 23 76 6 15 59 70 28 79 57 43 76 47 395
3 58 41 38 87 16 36 99 1 96 70 45 100 94 36 16 39 20 57 22 184
64 15 70 84 85 91 26 84 10 80 100 11 74 24 77 51 18 69 18 2 375
85 86 28 78 24 66 63 46 19 40 1 66 14 59 9 24 68 74 19 89 344
47 34 93 98 38 44 78 24 75 99 52 83 91 48 31 28 93 81 83 3 104
29 25 8 36 20 17 99 2 33 92 1 76 83 70 67 91 24 43 9 28 83
77 77 74 61 14 10 39 8 79 17 20 69 14 15 88 97 33 62 13 61 390
55 77 90 39 47 8 34 39 50 37 37 58 91 63 8 39 7 74 87 89 243
15 73 88 86 48 42 98 25 96 41 63 71 91 99 67 19 87 73 48 34 354
8 14 7 73 23 57 27 70 53 14 56 92 92 81 20 21 51 64 12 63 128
50 67 94 86 28 24 34 2 100 33 67 15 36 29 31 10 79 72 88 89 279
9 29 61 56 29 31 53 5 10 74 66 20 18 34 31 39 20 73 82 68 181
97 88 48 67 48 13 44 42 93 66 6 61 65 83 8 16 51 50 88 28 76
7 67 21 2 19 29 96 56 92 52 13 4 82 85 23 21 60 88 19 91 261
224 50 1 65 63 146 15 314 239 223 143 278 267 13 285 449 153 301 485 991
