20 20
97 12 24 25 18 65 83 49 41 81 10 76 27 12 95 99 75 43 7 37 154
23 22 55 46 76 96 92 81 99 58 27 99 37 41 75 87 28 29 91 64 137
89 87 79 35 78 77 38 93 89 3 64 97 5 72 14 94 4 43 95 13 367
64 23 63 93 55 65 96 63 47 14 96 32 24 81 69 59 72 95 26 71 117
29 55 23 96 21 16 51 78 56 94 65 4 60 99 5 3 55 5 15 33 340
96 34 79 19 60 58 78 57 55 54 81 72 64 89 90 65 85 77 6 39 116
51 93 37 60 63 70 41 78 83 13 93 59 61 46 72 7 29 16 39 98 287
37 97 90 26 20 10 71 16 1 88 52 86 59 39 28 44 50 2 16 8 498
84 49 15 86 23 2 98 25 66 99 33 18 88 86 28 70 100 58 84 66 310
4 19 46 52 62 11 41 7 2 72 6 39 100 42 92 60 95 74 71 8 171
66 76 63 49 41 66 56 11 77 23 85 46 14 73 69 93 70 11 98 100 95
97 13 53 28 11 6 58 93 79 19 50 55 19 94 40 48 97 84 60 19 243
28 77 66 85 2 13 86 4 98 62 98 36 67 50 1 52 57 90 68 99 301
76 10 6 6 17 67 84 38 88 44 34 75 36 37 61 31 21 51 59 23 19
21 37 73 36 83 99 1 1 90 28 74 30 1 11 88 93 38 23 98 15 186
35 17 38 52 20 20 5 22 67 76 31 40 64 39 64 1 92 60 58 5 398
32 44 50 36 41 92 72 91 37 48 94 61 35 6 23 58 38 94 44 46 69
34 67 47 32 69 72 96 38 35 99 50 39 88 68 34 3 64 76 63 2 276
58 98 28 71 97 96 87 35 17 77 35 42 67 53 92 43 42 15 36 77 243
58 91 63 88 34 33 82 54 13 20 99 31 28 88 60 87 11 39 41 10 328
185 137 165 139 162 50 122 113 43 176 191 288 66 101 299 65 314 611 540 888
