15 15
69 71 19 28 98 33 57 2 57 51 92 58 73 30 45 177
42 40 63 71 21 18 6 20 75 24 75 51 97 46 18 400
8 12 67 51 49 22 26 35 91 92 64 70 97 53 17 31
48 70 64 93 81 49 45 93 6 82 96 100 69 80 94 196
42 66 4 72 83 37 63 51 81 94 55 5 57 62 54 67
43 30 42 36 91 89 64 3 17 85 9 72 72 93 94 175
69 58 2 82 100 19 54 92 99 98 87 45 15 6 53 287
85 17 96 8 25 15 17 2 86 30 43 5 96 100 8 164
57 18 77 6 55 15 55 64 90 38 57 4 27 5 29 189
72 20 70 63 99 75 51 37 67 20 28 61 21 14 18 433
38 49 58 10 6 45 95 76 1 74 7 65 38 41 61 222
58 61 73 70 45 78 36 54 75 83 85 45 41 17 55 193
56 80 88 12 24 33 9 26 56 4 6 58 65 90 44 152
10 43 32 29 20 41 32 31 73 88 40 100 9 25 95 309
64 65 19 26 39 71 92 54 30 65 55 68 16 38 79 218
15 102 32 84 26 171 178 189 70 103 395 199 98 61 1490
