20 20
55 73 86 6 25 19 51 58 32 83 100 5 92 76 9 55 29 28 35 96 486
3 33 10 77 84 66 62 64 27 18 81 43 98 83 69 79 62 19 76 48 447
3 62 97 8 52 2 33 94 34 93 87 98 7 79 52 51 98 80 16 26 77
64 99 23 99 65 1 9 78 64 87 91 37 31 63 42 50 24 63 12 85 214
73 55 47 74 23 48 35 15 57 38 24 81 84 14 25 10 18 94 100 11 47
19 51 54 82 98 59 39 81 91 47 31 8 99 94 17 41 54 30 33 20 344
100 11 39 2 92 60 15 8 71 42 95 76 33 12 7 11 32 22 90 90 68
32 95 66 31 58 61 39 54 36 5 74 67 77 65 29 56 76 54 68 21 314
73 94 11 65 98 85 97 13 69 63 70 39 19 30 76 43 52 91 31 6 212
47 34 58 7 89 74 80 59 35 91 62 48 87 48 13 35 3 1 18 9 17
33 2 7 52 90 3 50 30 72 98 59 26 34 6 36 56 58 53 30 6 179
5 20 76 65 98 47 86 16 57 95 99 86 95 91 84 63 21 33 63 49 379
29 32 87 62 92 6 33 57 85 4 12 22 99 86 64 45 74 65 67 81 210
2 26 51 14 80 25 100 43 88 41 5 77 17 66 50 44 70 18 17 55 471
7 6 88 25 74 57 31 80 80 65 34 54 74 3 79 63 22 34 74 78 249
12 15 45 14 2 24 5 5 50 25 88 90 66 82 41 3 60 48 26 77 56
27 95 42 90 25 62 21 13 37 65 20 47 75 12 22 72 68 62 95 69 186
21 97 92 81 55 53 74 72 51 95 21 78 41 37 38 21 52 75 2 44 28
79 34 100 18 39 21 37 61 37 30 88 25 71 69 7 90 36 70 17 53 62
12 10 19 11 57 35 8 38 12 40 1 49 28 10 41 40 52 6 30 36 184
15 40 186 106 155 157 103 177 256 81 153 147 10 92 325 360 100 109 375 1283
