15 15
50 29 23 49 47 36 15 88 28 12 67 99 48 81 15 74
63 59 21 17 42 41 48 43 3 69 12 62 51 37 1 348
75 34 28 87 44 76 27 18 55 72 95 7 75 75 100 295
26 4 61 52 54 67 100 73 25 64 18 45 25 57 16 337
1 21 42 47 69 98 3 52 77 41 98 46 4 52 4 35
5 8 74 11 20 47 41 73 100 72 18 10 96 92 60 366
98 78 4 49 29 41 22 22 44 32 30 73 49 44 49 280
40 24 68 50 13 74 89 73 39 39 36 55 33 22 43 263
57 42 35 42 68 34 73 73 41 28 55 17 75 43 72 334
8 36 34 79 43 8 47 14 20 25 78 37 41 86 4 61
38 29 82 48 46 76 80 39 85 29 71 92 92 63 83 200
45 53 89 56 2 47 13 58 93 61 12 38 10 90 100 285
34 11 50 52 1 20 51 3 53 85 21 35 29 25 20 232
94 65 7 92 82 4 91 1 38 89 43 40 92 35 3 266
6 74 82 63 80 36 82 96 38 11 33 48 55 67 65 176
46 224 111 181 12 242 241 115 191 330 262 296 299 226 776
