20 20
46 20 57 32 61 51 65 85 50 29 26 69 49 31 59 16 49 24 25 81 65
35 54 79 34 6 65 42 97 68 12 34 99 73 70 53 57 81 45 56 16 350
49 73 91 75 70 11 57 84 13 18 92 59 24 64 10 10 49 56 73 30 421
74 59 39 39 38 41 75 33 36 45 10 94 25 6 3 24 72 95 67 33 167
1 29 83 48 14 42 92 38 78 73 64 26 41 87 87 23 87 10 99 90 79
47 79 82 41 39 75 59 83 5 46 9 33 60 86 54 99 5 90 22 21 353
67 67 45 18 44 69 30 41 78 34 26 57 75 10 52 19 71 95 46 92 212
31 15 22 73 75 13 49 35 32 46 70 78 7 68 62 27 93 62 84 63 187
53 80 94 52 80 77 96 80 6 4 80 50 53 10 8 14 59 89 85 44 242
29 74 59 92 47 82 6 1 34 79 57 17 46 22 22 45 38 69 85 15 303
39 21 50 47 36 97 8 2 65 80 87 10 76 6 87 96 35 38 33 34 140
77 86 92 10 61 99 34 65 78 15 53 21 18 17 32 69 67 33 95 82 359
72 67 82 56 26 83 74 35 88 77 94 30 60 33 49 12 51 41 70 67 197
34 86 55 72 3 48 89 73 2 66 75 80 35 100 15 91 81 3 18 8 225
89 63 34 89 48 78 79 22 13 70 85 39 46 55 95 70 27 31 84 70 472
87 74 90 88 88 88 50 67 94 92 15 92 29 8 32 33 4 80 91 16 15
20 50 70 92 90 12 44 67 98 22 48 75 99 32 93 91 49 12 60 22 441
21 58 8 77 12 100 68 96 36 31 79 4 43 15 99 41 78 25 38 91 314
70 49 46 9 82 80 67 39 97 34 81 87 59 70 18 22 37 81 39 17 371
2 36 20 42 31 18 31 60 40 77 22 90 32 22 3 7 83 54 91 57 47
23 230 253 42 35 229 176 226 74 301 73 90 364 160 210 463 225 387 389 1010
