20 20
24 14 21 56 96 15 20 36 53 22 61 88 17 71 67 86 54 31 75 14 395
14 72 29 43 69 14 42 19 32 31 98 72 89 34 8 83 93 59 25 53 76
31 28 42 6 89 65 76 90 47 3 10 8 80 91 14 21 34 66 28 20 190
37 16 63 16 66 66 63 28 80 61 60 72 28 11 78 38 69 59 69 20 198
50 100 87 26 27 97 64 31 68 35 19 41 53 88 96 9 9 56 14 73 37
45 37 24 8 61 40 46 89 66 44 98 3 80 71 9 57 86 25 67 72 358
77 3 30 7 56 95 100 52 67 66 90 89 88 65 36 3 74 84 77 66 65
53 93 48 40 65 92 97 68 46 79 4 17 90 20 31 76 3 41 85 10 205
10 87 40 51 49 92 57 29 66 14 64 100 18 38 31 60 50 71 71 79 71
16 88 22 16 47 15 25 60 57 49 82 99 87 80 47 99 53 75 11 18 480
14 71 53 62 57 79 15 51 35 78 56 82 46 47 24 1 98 19 14 83 431
90 24 33 71 35 50 99 20 41 65 68 27 34 58 26 81 52 87 40 33 25
32 27 80 6 80 62 40 47 66 30 19 17 7 2 42 94 84 18 16 78 313
89 14 54 27 42 85 95 61 85 27 1 91 23 39 37 51 48 51 17 23 23
42 71 13 46 41 86 90 14 37 60 49 96 39 68 99 10 54 17 37 19 87
77 3 63 58 33 35 55 29 63 39 27 28 81 48 53 59 1 49 75 69 431
65 97 8 91 27 33 80 34 96 1 27 85 60 8 47 47 73 75 56 45 277
25 10 26 13 45 87 80 23 80 75 11 81 100 66 95 57 30 82 61 26 437
58 4 78 57 36 74 33 50 20 6 69 27 67 75 47 97 19 33 92 74 426
49 92 11 44 63 32 68 88 83 90 88 44 90 52 46 58 89 77 64 94 156
87 161 85 254 232 18 154 203 90 83 34 56 167 46 360 114 360 336 569 1272
