15 15
19 59 88 66 37 64 78 37 35 77 71 77 33 56 67 215
2 39 47 76 68 70 83 1 15 42 67 78 90 24 58 17
37 81 20 79 95 82 79 27 10 60 74 25 29 5 34 477
96 20 87 70 46 95 69 5 40 49 39 81 100 38 17 346
10 77 21 54 65 71 100 2 62 76 7 38 72 16 46 122
96 19 83 53 31 51 23 47 7 92 5 44 89 5 54 431
14 58 43 74 100 42 84 25 90 14 38 88 47 44 72 302
33 15 81 92 92 53 32 93 25 60 67 30 95 81 28 447
39 58 62 8 66 79 12 18 20 45 43 36 94 97 22 223
31 97 21 10 88 25 72 58 14 61 49 17 34 85 87 14
49 62 51 54 78 46 79 3 18 54 73 19 84 31 43 427
37 72 72 20 79 95 85 38 36 4 33 80 17 6 5 130
17 67 40 66 49 1 51 14 55 57 23 93 17 65 88 408
2 72 27 5 12 44 97 74 41 87 46 99 35 53 15 407
37 90 35 65 19 97 82 54 90 92 96 93 68 17 9 263
117 133 286 55 304 297 91 171 214 268 387 303 24 42 1537
