15 15
21 97 23 23 32 76 9 92 75 21 63 60 99 81 5 348
95 27 37 83 33 51 56 40 11 82 82 35 58 59 76 260
18 67 47 15 38 68 31 56 29 84 51 50 67 54 92 497
19 69 29 21 83 30 63 76 71 90 83 58 97 8 92 27
72 93 28 50 70 87 64 88 57 65 30 2 12 66 93 141
100 58 3 19 99 32 63 85 79 29 72 60 29 50 58 277
84 18 74 80 58 92 29 69 21 21 67 52 26 91 47 242
87 10 62 65 81 57 13 1 46 97 37 94 56 99 14 370
62 90 86 53 30 52 9 86 58 82 72 72 13 96 93 93
22 88 54 98 94 26 31 82 51 77 42 80 48 97 92 481
62 27 25 32 78 87 27 56 52 80 8 53 49 19 41 500
22 97 97 41 30 89 27 92 51 48 83 21 80 81 75 476
74 9 72 79 70 72 19 14 39 35 42 95 62 17 73 396
96 60 34 93 45 7 69 86 44 7 87 94 36 17 4 313
28 52 6 67 7 3 28 93 39 18 52 87 20 96 52 125
293 126 107 202 205 146 15 231 338 91 313 156 694 170 1459
