15 15
41 74 66 5 43 23 36 28 64 26 6 70 87 95 25 484
33 98 33 4 23 8 97 62 70 60 30 13 32 56 28 157
21 94 4 96 32 6 55 96 89 8 89 68 45 95 21 97
52 57 23 82 50 85 99 98 35 100 53 11 62 81 17 166
83 52 44 48 30 51 20 19 1 79 54 77 30 50 83 396
49 49 69 51 73 50 34 48 56 60 26 95 60 37 48 91
58 13 51 10 74 64 7 48 48 11 20 93 24 66 13 57
99 98 56 75 6 3 67 67 27 11 39 62 92 35 41 393
61 80 61 99 34 62 98 62 76 66 48 25 63 82 27 384
30 85 68 19 78 63 65 77 72 70 32 39 5 21 12 148
35 39 47 78 23 41 6 96 2 22 29 27 95 30 67 154
68 22 29 38 27 34 63 49 81 74 78 62 4 1 58 70
41 72 75 68 3 87 1 21 86 83 42 57 68 89 99 475
42 99 31 99 57 50 89 47 25 14 68 59 11 67 7 233
59 11 5 85 24 88 79 47 91 25 65 72 45 13 10 446
171 235 139 141 85 230 172 159 291 189 109 355 479 84 912
