15 15
51 62 64 70 89 2 42 99 10 5 29 49 28 44 57 338
57 21 92 36 69 30 12 54 17 12 7 29 39 91 80 127
61 24 88 15 49 43 48 69 55 16 71 62 2 88 18 476
12 71 8 57 65 78 51 56 18 45 46 72 32 50 52 180
99 74 25 13 89 85 95 83 46 57 63 16 34 55 47 394
29 49 100 95 99 82 92 24 79 77 68 78 36 47 54 453
49 21 15 47 15 90 12 40 27 29 1 33 49 40 93 491
52 5 84 67 49 82 42 60 39 68 77 43 39 35 69 48
6 10 79 30 40 10 96 82 83 17 56 27 28 36 77 133
92 59 4 31 3 82 95 93 53 65 73 76 48 17 58 156
62 50 96 18 4 67 100 78 64 10 99 46 36 34 94 295
3 66 24 14 96 97 40 26 93 3 19 5 44 77 1 227
38 61 36 34 65 2 57 5 77 24 7 88 87 32 50 45
67 95 88 92 3 34 44 66 94 81 34 34 2 65 69 44
20 24 15 74 16 87 49 88 94 51 80 42 15 50 97 58
187 55 61 190 42 224 203 147 78 182 213 231 237 518 897
