15 15
97 33 82 90 31 53 4 23 20 62 72 22 36 70 27 499
46 18 33 34 96 78 39 20 28 32 95 4 33 88 49 464
21 12 64 73 64 60 88 36 86 9 67 57 75 13 14 166
84 46 56 71 93 13 86 60 84 6 62 43 86 23 74 16
60 6 13 98 98 5 96 30 52 40 66 1 78 52 88 249
29 88 27 2 85 79 33 86 76 5 23 97 99 5 68 46
41 97 99 10 92 23 19 13 93 68 51 68 70 19 85 398
98 43 78 50 14 66 47 69 94 31 42 30 72 20 55 185
84 23 10 69 71 22 73 15 26 98 94 61 42 29 79 15
64 32 94 15 29 20 33 79 26 4 100 94 92 63 54 15
75 99 100 81 6 34 56 35 88 10 99 10 1 47 7 327
10 97 48 94 13 23 14 95 78 7 24 2 52 78 62 196
32 11 50 97 14 66 2 83 66 45 60 60 65 84 51 495
32 6 97 80 16 81 39 97 66 77 53 56 18 99 73 223
50 18 23 50 71 43 46 13 78 97 8 80 76 27 90 248
102 221 224 3 3 211 167 143 172 291 224 100 127 545 1009
