15 15
83 20 54 81 61 40 78 10 30 65 25 29 9 36 25 291
90 3 73 59 31 57 26 20 79 97 56 63 96 63 82 470
60 32 43 23 87 57 7 59 46 82 11 71 50 91 8 230
3 34 88 66 90 79 65 6 11 45 19 21 54 14 41 381
58 47 20 5 48 84 13 65 85 10 88 100 14 28 84 141
42 51 69 29 45 61 26 86 39 19 27 41 31 8 72 93
100 83 44 59 12 53 50 81 27 98 51 33 28 1 57 424
96 30 22 95 15 34 22 32 71 25 60 69 83 40 96 267
100 20 80 17 73 25 58 22 74 53 41 5 74 53 59 469
58 11 30 73 44 50 6 52 67 30 86 46 50 32 41 86
81 63 49 98 56 48 73 46 33 46 95 59 72 72 40 458
90 41 96 64 39 38 35 60 87 28 42 95 78 70 11 55
17 6 51 10 83 79 66 60 58 55 75 39 23 89 98 493
15 14 32 24 20 78 93 44 91 38 33 38 67 93 12 479
27 28 19 94 78 86 43 76 14 2 14 36 95 94 15 347
15 110 264 77 263 259 331 381 111 248 19 482 137 619 1368
