15 15
68 2 11 37 89 34 44 14 24 3 15 50 73 90 26 446
50 4 3 26 5 43 43 20 49 94 46 96 76 67 68 462
53 60 54 8 58 68 78 55 62 5 39 17 48 47 1 407
88 69 65 70 6 49 5 2 76 46 66 94 98 42 97 39
33 15 73 67 21 40 41 27 46 60 100 56 45 68 27 337
49 27 51 69 64 14 66 12 7 2 84 15 37 90 1 392
55 52 24 88 29 54 57 87 8 30 68 11 32 47 24 260
10 29 48 67 41 37 37 70 97 30 8 86 41 63 86 455
88 44 91 100 21 7 20 33 29 65 10 82 46 73 41 459
71 7 52 52 59 18 53 3 33 48 25 68 30 70 39 120
67 2 14 54 69 10 91 4 29 78 18 10 86 55 51 316
1 2 85 24 41 49 69 40 80 73 7 46 64 87 60 31
34 10 1 78 47 98 85 35 73 49 10 95 58 5 4 71
19 39 39 46 48 44 49 6 13 70 25 16 66 13 60 238
89 42 80 81 59 58 99 29 4 52 61 39 100 74 6 494
233 10 103 165 272 15 212 423 318 132 280 32 283 829 1220
