15 15
78 34 66 67 20 31 9 62 16 46 82 27 21 50 10 477
44 78 60 15 55 85 80 62 80 10 4 56 36 7 85 143
90 16 57 32 15 9 53 87 56 24 95 69 87 15 9 111
71 9 31 90 5 72 93 70 22 47 32 55 81 77 5 389
15 53 86 12 36 94 85 22 88 17 57 90 70 91 24 78
100 32 3 2 47 45 50 1 73 97 4 5 85 14 18 408
38 8 2 89 14 71 23 58 3 48 9 77 91 95 82 141
92 90 74 95 41 69 12 34 71 34 89 33 76 65 19 79
100 68 96 66 6 6 33 78 49 27 98 33 46 73 30 152
86 86 93 9 95 88 91 87 9 24 12 72 23 100 50 328
7 46 100 32 18 47 91 4 46 53 76 96 34 61 75 257
76 99 93 38 83 51 16 6 46 65 86 93 7 91 43 207
76 17 46 86 14 20 97 10 89 21 54 61 54 89 70 122
2 58 32 36 86 100 13 30 90 5 46 15 65 87 52 352
55 90 87 47 36 64 95 67 85 45 58 34 47 55 30 86
81 153 178 123 156 196 156 169 26 281 341 152 414 68 836
