15 15
5 27 85 54 42 42 64 92 88 50 10 66 79 60 79 245
17 20 36 51 33 76 92 82 92 80 11 13 65 57 54 304
58 73 25 99 19 60 91 91 48 54 46 59 90 20 63 351
25 81 20 33 10 91 45 78 63 51 84 32 57 43 6 313
100 83 69 70 30 77 10 86 97 78 90 28 77 42 84 130
72 34 30 98 8 16 77 5 65 44 64 94 56 59 25 426
41 71 2 20 5 6 32 79 10 38 5 57 34 77 59 193
50 26 91 86 22 52 68 16 29 62 80 58 88 41 28 210
42 12 20 6 33 82 70 81 21 53 87 32 55 64 19 110
30 20 3 32 96 18 83 82 79 58 14 75 9 90 98 129
6 61 64 23 43 71 70 66 99 43 58 40 78 17 59 474
53 48 63 98 86 43 13 98 44 98 74 53 70 27 38 367
90 61 83 79 5 43 40 89 40 51 97 85 65 68 34 380
95 82 5 100 13 67 1 29 72 54 92 43 29 4 91 297
90 80 64 46 51 21 91 82 19 95 52 76 65 10 14 308
24 179 14 159 346 161 131 323 236 151 248 390 454 133 1288
