20 20
47 1 35 31 12 94 92 23 77 48 66 48 78 66 42 90 53 70 4 96 230
27 33 81 72 99 100 81 77 36 4 86 24 4 61 20 83 58 99 66 25 13
63 29 91 94 20 5 86 99 57 94 86 61 62 29 99 49 17 84 60 86 436
40 96 10 82 51 51 65 10 11 24 45 30 97 19 97 18 63 37 66 29 332
32 63 53 55 89 51 31 14 96 68 13 45 84 28 71 37 17 90 90 51 133
13 57 83 82 21 66 100 47 76 33 23 11 33 35 29 63 72 91 73 77 356
86 17 45 44 94 3 22 77 39 46 91 94 81 89 37 3 44 94 90 6 351
30 89 50 41 71 27 67 69 92 14 82 51 34 37 3 40 91 21 19 19 17
88 41 62 27 93 40 83 17 19 69 61 40 8 34 81 17 14 51 86 89 483
66 21 78 49 32 61 68 38 94 50 55 58 94 74 8 78 61 31 85 28 350
28 90 82 96 42 5 39 80 92 60 95 39 49 48 22 18 15 34 25 17 460
69 32 43 35 56 84 81 53 63 43 71 85 73 64 32 73 11 80 19 18 322
84 65 42 58 16 80 16 77 83 50 74 94 70 32 54 66 56 17 9 2 404
58 6 39 94 78 9 97 30 79 94 42 95 9 18 30 50 7 64 25 29 225
74 90 39 55 75 94 61 74 42 84 44 100 2 17 68 51 40 86 47 4 454
38 17 48 91 90 88 38 31 60 77 84 85 68 79 37 12 42 80 25 9 445
9 96 65 67 24 28 75 17 62 93 67 85 44 54 14 50 83 49 78 8 68
23 26 40 84 24 49 88 99 71 52 78 97 19 95 27 69 74 47 32 65 180
97 23 68 70 55 15 15 95 47 29 78 33 57 50 77 61 63 65 7 49 84
20 27 87 89 100 68 60 4 82 58 39 66 40 15 63 91 42 2 93 74 123
237 88 167 187 61 235 288 122 334 102 260 339 4 356 367 75 193 18 530 1503
