15 15
16 93 9 7 42 27 86 80 26 14 62 58 100 66 20 197
31 22 37 92 92 58 36 20 89 67 78 82 82 66 46 120
65 75 4 85 99 68 67 43 38 48 35 87 74 37 76 313
64 95 70 44 46 38 19 88 72 96 60 74 37 88 88 314
76 17 74 60 68 34 85 23 83 58 75 100 49 34 26 150
24 75 19 24 44 99 70 85 81 12 46 19 78 33 38 206
78 84 87 11 40 67 50 98 10 46 65 54 17 24 83 488
40 60 50 60 84 8 45 42 71 28 90 87 12 25 56 420
30 55 75 27 17 70 51 52 26 45 16 31 38 27 87 321
95 44 31 78 56 77 66 65 14 19 31 20 44 65 43 281
27 61 99 48 40 94 97 23 25 74 81 31 97 71 95 121
64 80 66 40 42 47 100 68 46 52 39 36 41 73 11 106
60 37 84 61 41 89 86 7 72 46 30 84 46 54 55 15
99 26 43 35 87 15 41 88 33 85 59 24 69 15 35 225
41 84 13 99 26 25 78 2 28 79 20 33 14 93 41 451
5 216 117 258 174 100 83 286 19 38 308 397 92 410 1225
