15 15
15 50 88 46 96 81 73 49 28 34 11 39 67 98 30 205
74 61 68 6 80 71 95 18 27 89 45 60 16 73 91 244
10 43 23 72 25 5 67 67 66 29 33 10 24 45 39 296
25 41 2 62 23 32 53 68 31 15 88 76 89 48 66 471
25 38 86 40 46 53 66 89 16 22 100 79 62 79 48 313
78 21 43 48 89 64 7 64 19 8 76 33 31 42 14 281
12 29 99 30 23 76 44 89 30 7 72 72 77 50 15 291
38 38 71 50 81 95 57 23 14 14 66 54 44 47 58 186
7 20 97 39 50 25 47 81 64 76 58 44 75 18 44 166
51 22 91 13 75 16 59 80 63 3 56 69 79 3 90 399
9 12 53 71 22 23 52 41 100 3 7 78 91 89 61 449
99 62 65 53 64 35 60 77 99 48 21 35 65 55 98 312
50 25 87 79 91 41 26 56 10 20 100 60 81 97 59 286
53 17 49 29 42 94 86 41 99 47 55 83 61 67 74 312
2 81 75 8 59 100 41 10 71 92 78 70 86 42 53 357
76 305 10 169 48 46 298 404 322 334 281 264 189 193 1629
