20 20
97 5 41 71 12 75 59 69 27 66 50 75 69 57 59 91 8 9 97 60 212
80 66 86 58 48 71 93 65 13 72 24 47 77 26 83 31 38 8 38 79 154
7 5 29 29 42 99 83 88 7 19 81 11 64 93 47 25 64 4 21 77 196
73 16 90 73 9 5 37 57 1 11 69 66 55 39 13 76 25 29 46 58 469
9 30 94 11 25 95 8 60 33 10 54 23 70 83 75 25 50 21 41 48 52
56 35 55 5 38 95 66 52 25 67 67 89 45 27 28 20 15 44 51 100 132
97 88 26 24 6 75 76 34 1 13 46 10 83 85 98 35 83 35 8 93 382
61 17 50 77 6 50 23 64 67 79 92 64 6 78 37 84 14 74 70 37 102
19 1 90 81 46 43 44 90 74 23 71 1 49 91 9 44 73 62 55 45 307
23 9 64 35 47 25 58 16 57 48 56 29 94 69 9 60 54 52 70 19 14
48 52 91 2 95 18 17 8 79 47 91 45 97 38 87 25 84 27 49 88 229
75 85 66 14 64 35 9 43 31 43 80 82 27 26 9 17 73 34 60 85 139
2 75 55 73 45 55 78 89 48 23 42 25 54 94 49 90 39 60 90 20 94
13 75 9 60 41 54 32 12 57 10 45 74 82 100 59 60 20 90 3 18 286
81 26 39 79 70 22 21 5 91 88 82 10 75 42 53 70 49 22 83 82 338
22 41 37 50 11 68 73 76 18 21 86 10 95 38 66 38 36 32 6 62 156
96 42 23 49 67 5 94 87 91 33 32 10 83 45 44 19 95 7 94 73 368
68 87 53 72 78 36 77 20 64 10 66 22 98 19 26 15 7 97 25 26 232
43 35 55 93 81 1 55 84 99 90 81 24 39 86 97 66 81 23 45 30 452
57 50 39 8 90 98 3 96 30 50 96 5 61 35 97 67 67 18 15 23 45
15 102 174 117 33 173 106 41 165 33 83 31 61 113 197 567 105 330 642 1271
