15 15
19 95 98 84 68 29 47 1 47 65 58 13 53 23 7 101
24 60 48 22 13 11 8 97 27 50 72 66 30 51 67 275
29 6 7 67 35 83 86 98 88 46 38 62 9 31 70 277
44 2 15 17 51 53 58 63 94 81 54 34 37 95 25 297
18 22 9 3 64 83 45 53 79 78 30 8 84 26 17 400
6 49 92 91 55 86 68 62 83 17 92 23 67 79 46 266
5 14 39 30 36 19 57 87 29 43 29 33 24 80 56 169
83 18 21 3 14 43 47 81 100 34 30 27 22 83 90 475
22 40 60 95 35 60 33 78 68 15 54 70 80 67 27 256
6 80 14 2 34 42 48 19 20 13 19 9 46 30 24 108
95 38 73 23 37 81 74 60 78 96 22 3 49 70 22 194
56 63 32 98 60 11 52 35 15 84 65 67 31 42 3 161
88 68 49 100 97 25 26 60 85 2 38 36 32 27 52 353
21 94 92 80 3 17 46 43 79 20 28 77 37 15 9 430
63 73 79 31 40 81 95 83 48 48 14 69 95 95 41 197
189 106 203 175 215 43 299 67 185 224 28 51 542 729 903
