15 15
30 98 55 89 17 42 97 89 69 72 50 86 42 57 40 412
67 12 10 64 99 50 79 18 26 20 32 86 9 70 39 47
91 72 21 63 90 68 65 61 21 10 16 64 28 75 62 244
89 87 98 70 44 29 70 54 25 22 84 99 71 64 92 457
29 19 11 59 57 25 41 58 95 52 50 88 84 49 15 176
37 93 64 91 40 6 50 18 63 2 85 33 76 85 50 477
51 38 54 31 54 28 33 16 44 34 50 89 21 74 16 258
38 62 70 57 38 73 95 70 10 1 10 67 80 9 41 209
10 85 78 57 22 92 99 23 25 41 3 94 72 79 64 491
90 54 72 88 38 27 96 68 1 3 86 54 50 96 7 147
93 13 9 22 88 88 19 54 19 50 97 71 48 81 80 17
47 40 78 97 20 27 64 55 3 86 25 32 18 14 73 192
30 64 2 78 11 71 67 61 91 43 65 53 10 53 72 198
18 41 73 20 3 16 27 10 26 50 75 47 45 92 35 399
2 65 23 85 88 84 38 63 23 37 93 17 97 35 7 262
142 270 48 59 281 176 153 4 389 221 248 86 431 263 1215
