20 20
88 96 40 81 99 20 10 23 32 72 25 85 17 84 7 52 29 62 5 98 13
55 29 87 32 81 75 9 6 87 53 89 94 89 32 80 46 74 35 68 11 352
38 16 50 31 68 60 60 35 63 97 60 5 20 36 48 81 75 93 38 75 138
37 53 4 36 8 47 98 29 58 9 64 6 57 57 44 41 6 29 31 36 307
73 69 40 16 34 84 80 96 20 43 66 18 76 14 21 40 59 46 91 32 229
57 57 19 66 91 100 65 30 15 17 86 81 3 42 26 65 91 16 20 42 318
31 97 16 46 34 63 89 14 59 69 54 31 77 100 19 96 60 37 57 62 169
59 70 44 38 41 9 10 67 8 43 27 90 1 24 13 97 15 22 7 53 239
89 35 32 32 87 62 95 82 68 76 57 52 22 28 67 87 17 87 69 58 435
46 55 20 77 57 3 47 99 15 73 69 87 54 71 52 83 87 9 53 15 61
76 21 86 57 5 19 8 7 36 90 2 42 39 64 80 2 28 28 55 21 196
87 18 23 29 24 31 21 13 12 27 83 23 67 34 75 27 43 100 94 44 379
73 40 45 84 77 94 6 95 42 72 49 30 63 57 56 9 17 81 61 29 322
85 78 78 40 100 53 73 91 42 84 13 72 4 66 1 23 28 48 21 85 386
98 51 59 54 60 59 94 95 77 32 89 8 80 45 24 80 49 100 12 85 168
84 42 20 44 86 86 24 39 52 44 91 46 63 96 90 68 49 86 88 40 102
86 5 25 35 87 2 31 19 69 81 5 93 77 38 48 59 84 3 85 35 152
82 85 34 21 13 54 38 92 22 7 34 36 58 48 100 60 45 44 74 82 357
70 59 26 90 99 9 78 88 95 84 95 88 91 74 60 48 75 24 15 33 458
22 69 4 51 83 35 99 55 42 79 43 1 77 10 64 49 44 58 79 96 200
2 220 67 49 132 164 183 16 264 28 222 338 177 21 210 17 566 604 408 1293
