15 15
50 97 59 10 94 69 56 48 95 31 83 91 85 22 93 254
53 64 44 76 39 4 20 47 53 40 36 40 57 86 7 55
94 42 24 39 64 68 92 69 35 5 29 16 13 55 21 324
85 70 98 9 71 29 100 70 71 73 28 29 7 85 83 45
79 68 31 41 2 9 14 17 8 60 95 96 28 48 79 63
45 3 39 7 3 79 62 45 33 56 84 64 98 82 3 96
97 93 50 85 96 92 25 10 19 5 66 38 37 17 88 362
10 3 48 8 64 99 35 67 59 41 98 13 22 75 48 363
26 30 53 89 29 4 75 56 50 65 82 95 5 19 3 434
1 48 60 95 78 8 45 33 31 16 34 26 70 48 93 154
98 26 23 96 72 78 48 32 78 19 93 52 67 30 29 104
86 12 64 11 54 33 36 67 51 64 56 37 3 31 81 205
97 80 13 62 49 5 52 14 58 67 11 24 69 88 95 210
6 34 41 15 84 76 35 47 63 50 2 39 61 93 18 82
24 97 14 42 8 51 7 16 43 60 83 35 99 34 63 250
5 30 224 69 47 84 51 179 9 176 374 287 208 67 1191
