20 20
20 29 92 24 43 98 72 10 96 53 67 48 20 30 69 26 75 3 72 22 19
71 15 86 55 56 33 68 37 100 72 79 11 22 57 36 37 96 39 81 87 215
94 1 34 6 68 45 2 10 52 40 99 89 12 18 61 80 6 57 51 2 193
77 21 35 65 80 15 15 18 47 28 37 84 25 36 60 83 77 30 73 37 53
45 87 56 96 1 95 35 22 1 81 14 89 44 65 82 86 67 75 28 52 286
66 34 43 5 21 35 72 3 24 19 74 24 70 65 56 38 51 23 49 36 394
81 27 15 33 31 62 81 16 26 33 71 66 54 34 93 19 36 29 42 29 467
83 30 93 71 95 55 52 74 20 14 97 13 1 26 74 62 3 14 93 46 152
41 98 54 86 11 82 12 56 1 1 9 44 38 30 65 87 50 88 90 40 362
63 91 76 83 97 13 23 19 34 50 19 22 65 37 81 63 89 68 26 4 213
57 6 94 52 54 48 13 90 17 28 84 46 56 37 65 75 43 16 98 56 241
2 72 67 86 34 71 5 78 96 21 29 87 51 34 2 57 58 70 70 13 469
48 31 48 61 37 22 32 45 11 31 31 11 23 32 50 31 59 5 98 49 419
62 65 78 37 77 81 98 49 92 59 78 94 90 42 46 37 96 11 58 67 103
82 75 13 95 69 5 90 100 71 63 50 74 60 14 90 3 58 72 91 75 324
21 61 84 33 62 8 46 17 25 98 87 93 33 11 57 93 82 52 92 1 375
88 99 87 28 9 60 62 29 15 25 35 81 90 52 31 82 31 12 73 1 290
30 48 65 28 81 39 92 34 34 21 1 62 53 37 88 37 83 78 36 91 196
78 1 39 23 85 93 11 90 61 79 90 51 100 78 75 42 56 75 52 69 354
65 44 82 37 30 4 26 66 62 41 52 14 76 30 12 76 15 71 40 66 27
79 127 109 206 33 39 115 154 296 300 254 360 359 246 104 472 114 60 567 1158
