20 20
7 42 95 36 3 90 31 43 7 39 95 46 50 37 65 60 62 80 64 18 445
3 21 78 86 83 41 22 54 74 33 83 21 51 22 86 10 35 5 85 85 162
53 30 44 11 11 39 89 1 41 51 71 35 69 53 100 75 33 44 38 70 230
44 49 4 13 69 73 62 80 92 65 51 67 95 64 92 73 43 25 87 27 353
99 96 38 68 32 73 44 20 99 35 44 22 70 38 28 89 40 22 14 39 128
29 21 48 57 75 40 31 15 2 89 91 100 57 31 62 20 30 89 14 68 235
72 25 71 35 91 8 7 91 70 98 93 11 7 73 57 20 20 42 64 11 167
82 28 70 21 64 29 89 21 96 75 62 41 41 16 19 36 58 94 70 60 98
4 58 76 14 36 39 98 2 69 86 47 19 5 65 66 19 2 86 100 100 273
56 75 23 51 93 92 22 73 14 62 96 40 50 16 50 71 93 15 61 61 339
35 76 50 96 19 87 16 81 14 29 82 82 32 82 99 53 90 76 85 46 186
90 95 67 17 22 68 31 71 49 23 5 47 20 75 91 44 72 55 33 58 405
90 9 71 70 57 52 73 100 82 29 89 31 72 2 28 81 37 8 43 64 345
76 89 100 76 32 33 2 7 25 7 69 98 34 9 56 56 79 13 51 68 428
20 73 78 71 30 41 80 30 94 11 51 48 40 41 16 23 14 39 73 44 368
55 20 63 29 69 3 8 72 49 3 46 81 14 20 23 78 84 4 48 31 290
90 55 58 99 51 26 64 16 37 89 67 82 37 21 14 84 20 48 88 17 222
76 40 65 34 13 31 59 88 19 58 69 48 71 81 31 24 45 61 81 6 180
46 69 47 57 36 84 85 84 86 77 60 60 38 60 25 13 86 97 46 24 166
52 22 80 73 73 10 67 12 96 81 32 98 88 27 41 7 73 49 72 1 327
43 179 69 41 287 170 317 270 296 85 33 119 192 448 429 113 370 315 274 1297
