15 15
74 5 48 65 30 92 95 18 39 19 40 41 56 82 77 104
35 37 84 1 54 17 28 37 84 55 34 29 64 77 89 107
90 16 25 52 29 26 77 55 84 6 40 4 18 83 18 267
52 51 82 58 16 20 97 39 8 61 90 47 74 34 98 409
23 66 41 90 74 10 34 19 56 3 30 4 34 74 75 462
66 88 60 46 37 18 96 54 87 19 26 75 4 9 85 213
86 38 33 54 65 44 48 52 10 6 87 95 46 51 59 151
21 80 64 22 86 22 62 35 88 53 64 56 41 86 45 87
97 34 25 82 84 48 89 14 28 81 97 56 77 55 18 244
73 80 91 26 6 10 29 46 48 8 44 10 19 38 49 204
46 47 85 31 62 3 70 77 84 70 2 22 12 22 87 347
63 59 86 45 11 14 79 22 6 93 84 31 59 99 79 10
48 100 68 71 39 4 16 43 62 9 21 47 28 46 97 184
38 68 68 65 95 11 47 46 76 99 33 82 16 28 55 456
19 89 13 10 25 1 92 32 36 70 44 14 82 96 29 84
126 85 199 224 95 214 249 134 68 57 89 441 409 448 491
