20 20
88 89 98 12 91 69 84 71 19 57 79 81 90 14 67 66 29 54 77 38 301
93 40 94 45 25 31 52 69 74 86 35 3 19 87 32 25 13 45 18 64 441
5 71 11 94 18 71 18 49 32 71 72 33 39 12 60 57 29 52 60 54 408
84 61 17 98 11 75 39 67 73 1 99 98 12 96 14 27 71 67 38 98 116
62 71 99 43 9 70 14 71 46 36 14 77 83 91 88 34 52 95 36 61 176
47 43 8 63 10 55 6 70 7 90 7 61 93 17 18 99 58 44 44 9 426
14 73 39 40 51 10 4 71 33 39 61 43 61 39 50 9 91 93 60 37 105
59 37 97 32 54 35 60 60 5 43 82 5 88 49 13 24 86 11 15 99 433
30 98 25 93 42 30 37 29 51 48 88 16 52 5 64 93 89 30 72 80 378
65 86 49 41 34 51 43 15 71 51 36 48 48 21 89 33 86 95 50 29 498
76 36 35 52 2 10 61 78 86 12 57 65 14 20 98 6 39 3 7 32 263
45 46 72 92 12 64 63 38 68 67 14 73 91 93 41 30 91 78 80 9 435
64 75 75 68 11 32 82 74 88 81 96 97 16 81 70 14 39 23 43 95 104
93 3 10 29 96 35 81 74 36 40 100 78 84 54 27 20 88 59 49 81 109
53 86 76 30 31 3 6 46 89 100 98 6 7 88 54 12 5 43 89 76 205
58 45 78 54 19 16 5 99 22 65 4 58 48 61 63 10 10 18 7 91 188
1 100 18 100 15 11 6 62 86 88 17 95 9 84 56 53 26 28 95 13 384
46 96 95 98 90 76 75 64 52 58 57 35 29 5 90 16 53 20 87 34 294
76 75 78 64 24 91 23 55 33 26 57 9 80 76 23 64 23 30 25 61 479
75 8 18 38 68 74 22 81 69 53 40 20 42 34 100 3 76 14 9 88 196
286 43 66 290 69 119 6 284 252 263 156 400 60 211 23 195 92 522 929 1673
