15 15
85 2 82 48 43 64 48 37 31 9 11 57 45 50 96 311
24 83 14 64 8 86 38 94 91 4 99 26 30 73 44 333
95 55 70 95 72 7 36 72 59 38 32 96 41 73 77 153
37 87 10 83 72 42 85 61 45 69 54 74 74 66 36 82
7 68 74 87 54 60 19 24 32 31 26 28 89 11 72 393
53 96 47 10 85 14 18 82 38 98 52 51 43 35 87 82
84 14 80 2 90 75 2 83 6 47 2 31 96 60 76 427
25 17 56 80 68 56 24 93 47 17 22 51 40 47 26 118
54 50 12 41 23 92 14 90 65 76 90 1 51 52 12 70
91 3 62 9 22 13 69 53 47 68 58 73 66 95 59 163
88 68 24 47 97 81 75 56 92 93 68 33 52 19 34 124
25 61 39 42 99 33 78 98 11 7 5 39 86 23 77 199
96 20 86 94 48 54 23 55 4 59 99 79 90 76 76 132
14 55 28 41 57 95 52 24 55 56 41 50 24 100 50 202
45 54 39 58 13 28 29 15 66 82 43 40 14 35 96 390
24 30 219 112 101 219 258 111 172 169 16 429 49 548 722
