15 15
11 33 41 72 11 38 28 29 54 60 10 98 36 18 9 255
76 79 20 3 69 54 89 95 24 94 73 37 64 2 74 35
33 60 86 23 84 47 79 97 83 96 44 86 34 65 64 36
6 69 84 67 87 65 98 97 28 97 73 7 78 1 37 85
71 24 36 55 68 100 50 79 64 91 12 32 79 27 94 89
27 59 21 93 16 70 15 74 13 60 87 76 1 77 93 337
1 36 21 75 46 17 27 19 28 29 6 7 36 37 19 250
83 11 57 98 49 82 75 2 63 3 84 73 89 54 26 312
54 19 72 27 39 90 24 18 26 61 84 50 97 55 52 53
80 71 45 57 13 60 93 71 45 31 61 31 30 33 26 197
50 65 98 13 1 39 91 11 32 78 46 73 94 98 12 438
59 92 25 25 52 85 54 55 31 4 55 13 62 20 22 304
80 5 3 77 17 52 31 58 31 5 10 1 48 44 71 88
78 33 17 44 6 98 40 72 29 71 58 3 51 32 38 222
14 47 44 88 96 37 96 95 51 55 61 84 56 38 16 298
81 8 216 192 72 217 126 120 129 216 123 156 222 357 764
