20 20
14 67 41 86 33 65 78 31 70 88 53 10 12 42 60 97 78 80 70 84 449
30 5 57 85 40 62 21 63 41 28 60 1 72 85 19 26 28 40 85 67 402
10 49 8 99 74 75 64 62 81 78 23 94 5 85 24 85 85 78 54 83 111
40 41 29 18 66 99 65 40 4 24 35 30 99 40 85 56 7 58 9 30 203
98 51 72 31 3 33 52 19 63 93 99 40 66 19 15 25 94 31 79 37 131
54 30 94 44 81 8 5 82 24 35 42 76 36 87 66 71 40 43 7 80 89
38 95 66 6 77 25 27 44 12 28 94 60 61 40 31 99 64 67 69 54 46
54 44 56 13 8 37 31 65 57 81 98 62 69 2 69 21 35 73 48 49 340
20 78 71 96 85 67 71 20 20 42 88 11 88 62 50 8 83 52 88 67 453
38 94 44 89 47 26 69 97 66 23 36 53 60 84 58 33 91 80 87 62 95
17 75 77 97 10 14 90 92 20 35 1 100 49 2 53 69 3 98 64 29 11
83 88 74 76 1 93 9 61 29 55 88 50 98 39 35 95 32 1 40 44 496
16 24 55 76 84 9 31 62 11 23 58 6 52 97 77 60 2 94 1 65 232
68 20 50 1 12 9 79 10 66 23 90 84 30 11 98 3 59 87 100 63 78
20 53 29 93 91 50 89 61 55 81 60 6 83 54 52 11 9 1 53 46 490
37 81 25 49 39 37 35 98 96 3 11 92 33 6 50 57 78 25 20 7 51
6 89 39 79 94 57 44 11 44 80 36 80 93 7 52 89 25 77 5 87 171
60 69 8 45 96 76 46 74 96 8 20 67 90 20 48 88 88 17 88 60 292
100 61 22 39 16 71 6 91 41 48 75 17 17 49 14 13 78 97 97 98 332
55 98 19 6 81 73 50 80 22 80 33 20 9 28 2 54 17 68 52 50 407
107 216 62 189 151 144 47 209 240 61 75 282 200 375 121 312 169 292 123 1504
