15 15
83 70 12 100 65 33 5 28 90 78 12 83 68 19 80 426
57 91 46 63 72 15 51 100 88 7 92 81 100 80 49 335
29 73 94 51 28 79 89 66 63 46 14 5 58 42 38 443
44 39 51 83 99 13 46 83 24 12 84 82 40 22 9 91
31 37 46 66 41 61 69 46 36 37 15 46 62 36 49 481
33 28 39 65 68 81 44 23 28 35 89 3 85 28 27 263
45 9 64 57 79 45 1 19 52 30 58 23 92 65 29 259
86 34 9 16 88 16 85 28 62 85 85 40 73 82 88 364
98 66 14 26 86 27 71 65 7 7 66 33 3 6 51 426
100 68 16 79 96 86 26 45 24 78 78 18 65 6 57 453
12 32 85 83 3 100 60 14 43 43 53 73 5 69 65 436
44 78 83 21 86 45 1 66 28 79 82 57 66 48 63 167
60 53 43 10 24 85 38 98 94 8 100 98 26 64 62 371
75 70 94 65 89 79 75 40 50 14 63 81 57 97 7 495
61 18 38 71 95 73 93 7 25 2 25 38 51 32 19 310
262 317 125 307 313 222 213 250 231 217 301 379 620 706 857
