20 20
29 32 80 7 25 28 4 14 74 64 43 79 30 19 53 60 72 55 67 46 225
90 26 58 74 48 7 74 20 90 18 49 64 90 6 8 65 21 40 14 92 421
60 49 45 28 10 98 53 25 96 5 58 32 85 25 39 64 56 59 71 56 371
44 67 70 22 65 18 11 96 14 28 15 59 51 55 69 50 86 14 71 38 277
67 59 84 22 33 74 60 86 54 52 20 75 45 50 58 99 72 71 52 46 371
88 23 1 81 100 80 63 21 5 61 41 8 40 71 54 27 4 14 35 59 448
51 64 78 37 9 47 3 22 49 61 100 88 21 68 72 29 14 51 19 79 484
6 20 97 57 23 90 40 49 25 13 48 1 6 90 21 54 87 67 71 99 143
75 59 66 94 69 92 84 92 75 15 97 66 72 31 98 72 96 35 70 82 186
58 82 6 31 20 83 58 92 18 66 72 66 33 99 60 17 91 71 5 85 235
89 8 58 51 93 69 59 14 18 3 63 49 61 43 64 92 13 1 66 12 264
67 10 72 82 70 80 6 83 74 60 56 29 37 8 68 34 96 66 50 14 307
86 4 65 63 36 62 41 39 77 52 6 37 72 79 87 46 82 77 51 26 162
13 66 49 94 44 27 10 94 4 14 96 4 59 66 87 79 69 35 23 62 242
99 45 44 93 17 29 26 71 89 66 22 3 23 5 11 34 84 3 46 52 489
39 88 15 65 86 91 33 28 20 72 70 19 29 59 43 80 62 29 42 50 428
10 81 64 84 26 48 41 52 88 16 88 72 79 33 98 49 61 89 24 32 441
47 98 53 55 39 25 54 34 33 43 30 53 94 16 73 82 80 78 97 59 328
4 57 74 61 59 97 11 83 68 25 52 70 40 58 61 79 30 78 96 83 383
22 94 69 30 3 66 59 29 86 39 41 31 34 98 43 40 82 38 62 8 254
172 262 325 308 107 241 301 23 194 78 416 353 329 345 203 108 326 709 542 1117
