20 20
6 41 36 35 26 38 9 46 62 15 58 78 35 81 19 63 100 70 8 14 497
62 14 6 73 90 35 39 60 70 36 51 80 35 97 96 2 14 2 13 14 434
65 67 60 20 27 35 99 43 11 35 94 2 22 12 4 62 17 93 50 64 235
50 16 17 25 54 89 63 13 30 38 3 5 6 41 14 17 65 71 43 79 494
46 35 20 30 92 39 52 73 2 4 76 18 83 40 84 71 87 48 85 20 454
36 24 30 9 38 59 78 67 15 59 85 59 74 52 46 9 70 90 94 32 468
62 18 21 22 92 95 22 26 48 14 69 67 40 77 15 75 22 77 99 100 412
98 6 20 99 2 41 65 10 51 14 56 89 9 73 7 77 57 43 83 16 323
34 92 69 55 47 59 34 27 15 94 44 42 45 96 87 41 51 50 57 21 403
70 6 19 8 87 94 69 82 96 73 67 30 21 40 27 26 62 5 5 36 184
21 24 15 94 39 19 66 72 15 86 80 40 76 90 55 5 10 89 24 62 453
24 73 34 35 36 39 13 52 35 89 64 88 7 88 84 34 71 64 53 87 377
46 19 44 89 74 19 42 85 51 4 92 73 34 54 95 49 46 60 52 35 409
79 84 50 84 86 31 17 85 60 84 22 59 63 71 41 75 71 31 45 85 41
2 74 3 31 96 47 41 69 75 76 68 4 78 42 14 39 4 71 71 81 75
88 25 66 27 89 68 79 65 80 66 69 48 100 20 54 84 35 61 62 37 313
46 93 34 61 75 95 77 7 36 37 8 87 19 21 51 65 41 66 35 62 14
58 45 88 3 83 22 40 37 82 92 19 21 18 91 100 9 55 77 19 29 425
66 65 39 70 66 57 49 46 59 16 30 66 97 99 67 7 87 15 88 54 49
67 24 77 45 13 24 90 20 34 34 77 52 92 56 20 70 99 94 49 15 204
137 99 45 136 246 125 128 194 245 153 402 450 64 369 521 417 489 123 769 1152
