20 20
38 25 55 11 71 13 81 46 10 52 86 20 18 10 26 71 40 92 67 8 274
32 100 47 48 31 53 74 59 22 5 99 69 6 5 88 1 71 78 18 31 349
78 10 29 23 52 74 84 73 83 70 15 99 7 99 19 70 1 49 20 19 358
23 74 79 68 47 83 4 75 91 64 83 3 22 76 47 44 35 26 47 11 351
19 96 17 91 27 10 5 32 64 24 51 19 75 5 94 12 95 57 32 35 240
47 87 10 74 98 37 34 91 11 1 42 98 94 65 80 58 83 22 5 86 372
10 93 7 24 87 61 72 75 40 66 8 72 92 35 90 36 97 59 78 51 368
46 70 40 74 82 99 34 35 69 67 2 20 18 57 43 66 53 37 52 90 447
61 34 63 25 54 26 59 23 46 88 13 18 13 60 28 29 96 25 28 42 49
66 45 39 19 1 88 66 70 78 93 1 12 96 50 75 54 57 48 97 31 247
97 53 32 77 91 90 81 10 7 59 30 90 91 84 27 64 77 89 64 97 317
7 4 40 30 68 36 73 31 86 73 42 78 27 28 79 55 42 85 64 11 377
71 97 18 64 27 78 87 75 22 3 32 22 75 68 9 60 79 69 59 77 42
92 98 55 1 66 74 20 7 75 48 24 35 100 51 62 44 20 17 22 85 69
88 42 55 32 72 93 73 14 15 68 42 32 79 57 74 7 32 65 58 58 498
5 43 86 47 90 3 99 62 60 66 39 20 39 85 61 51 86 15 19 39 468
58 50 42 41 37 3 70 72 91 12 69 39 17 94 40 31 73 67 20 92 404
46 26 10 21 3 43 31 70 20 10 96 69 44 23 35 36 90 71 87 23 170
61 58 75 18 5 71 38 6 40 36 98 13 79 91 4 84 95 86 45 41 110
7 5 56 59 41 20 43 54 43 21 85 83 37 61 10 37 11 60 52 57 170
72 232 164 177 216 16 219 104 248 289 53 79 405 227 425 225 371 542 534 1082
