20 20
89 79 82 65 87 6 17 63 38 55 26 48 17 68 45 69 90 59 11 62 392
5 64 92 80 84 38 31 52 14 6 26 76 20 79 40 16 6 33 10 23 343
9 81 33 80 4 54 62 67 10 49 48 66 96 39 87 38 60 10 48 69 258
3 94 1 61 60 72 18 63 79 6 50 41 84 63 100 18 100 94 23 28 212
35 53 15 65 66 20 60 58 65 92 82 100 80 51 41 97 38 42 83 84 92
26 27 56 8 83 74 75 91 49 18 88 38 87 48 50 27 82 55 49 10 403
35 46 39 71 54 51 3 63 11 25 20 8 89 63 43 78 91 74 35 45 52
22 19 44 77 46 70 37 97 68 15 74 4 82 60 32 96 30 83 58 11 245
76 18 76 20 50 53 60 37 29 3 47 12 9 74 9 49 77 16 76 43 172
9 94 47 21 71 46 72 28 13 67 65 27 51 82 17 59 9 38 66 45 357
90 27 17 40 58 97 81 22 85 46 36 10 84 55 15 15 45 62 8 83 120
46 63 38 79 75 15 54 13 49 77 49 95 67 35 62 20 62 53 70 80 363
10 24 12 49 40 15 88 14 16 70 85 49 53 3 8 31 6 73 33 61 191
12 20 10 39 77 11 15 68 57 8 19 45 80 25 15 3 85 73 41 48 459
18 2 45 11 89 19 84 69 68 80 36 70 52 39 90 71 17 26 89 39 293
62 47 19 61 57 11 97 76 31 41 73 46 28 28 63 49 51 36 71 14 296
17 57 64 12 74 11 78 33 22 88 10 7 18 100 67 43 56 79 25 34 112
71 7 26 37 100 75 87 77 5 13 97 17 76 44 76 39 100 2 55 94 30
94 92 57 52 68 2 77 20 12 71 68 38 85 32 52 30 14 39 10 48 446
86 37 88 6 48 60 84 78 47 69 80 36 86 94 31 70 24 79 12 79 166
248 246 103 114 34 272 172 81 305 159 59 92 320 391 292 271 38 387 317 1101
