15 15
29 83 99 23 51 97 87 36 71 84 12 35 64 66 53 446
39 81 36 36 58 97 29 65 43 47 90 95 57 7 90 327
73 33 86 11 19 58 43 90 13 79 11 6 91 4 54 58
68 78 52 43 30 77 75 88 23 30 79 94 59 22 25 326
26 93 44 84 99 1 35 40 40 83 27 83 58 77 76 269
62 7 12 14 3 27 99 35 41 83 57 64 43 35 21 157
66 23 82 73 52 87 16 22 42 87 12 13 34 13 84 443
5 20 88 35 5 69 61 56 73 69 1 41 9 45 65 323
89 26 65 14 23 15 54 52 36 21 78 10 55 95 42 52
99 49 62 22 50 28 50 43 24 74 34 42 23 96 51 258
78 8 76 100 4 54 87 1 95 91 48 50 55 35 89 171
54 25 81 59 84 81 58 1 42 100 30 87 32 89 94 74
16 35 99 49 31 1 91 74 55 89 24 20 47 32 38 20
84 55 34 18 30 49 31 46 37 42 43 39 35 17 29 173
31 93 58 87 25 77 35 75 65 21 82 10 100 56 76 164
156 149 166 174 151 142 122 113 89 36 206 382 304 64 1007
