20 20
97 35 15 59 68 41 72 35 67 27 80 85 86 83 76 11 35 52 47 71 441
78 68 33 7 59 15 74 44 33 53 77 80 26 36 2 10 9 72 40 22 132
37 31 74 57 59 97 61 61 35 91 20 67 32 50 49 11 93 33 93 6 67
38 12 33 87 18 16 31 42 50 49 24 77 30 48 99 93 77 54 2 61 485
94 73 59 78 61 59 70 62 5 36 94 53 84 85 34 28 41 76 8 26 113
73 80 56 41 78 62 85 75 100 68 17 81 75 56 17 9 40 42 20 29 313
100 14 71 82 16 40 5 30 57 62 86 9 61 27 4 22 97 63 33 91 477
82 39 10 47 91 57 49 24 96 9 99 36 12 11 64 14 100 73 51 62 26
17 5 26 48 33 39 70 59 72 4 34 27 93 13 92 2 22 29 38 22 400
30 61 40 25 70 64 96 95 35 90 96 78 53 32 95 62 52 70 5 4 476
88 21 81 2 24 85 94 55 58 100 27 5 42 45 57 70 98 98 29 77 89
16 61 60 97 33 55 7 89 74 63 99 93 78 21 77 75 60 41 89 21 221
10 74 81 53 74 34 38 12 42 61 95 65 29 12 54 13 9 90 46 53 284
93 11 19 83 6 10 18 25 5 50 74 25 59 2 76 59 43 73 64 69 376
44 21 95 97 11 86 35 36 37 12 27 62 43 61 26 20 57 15 59 24 368
76 100 16 71 39 31 59 5 18 54 71 82 38 48 42 59 60 50 99 31 331
22 17 24 83 41 95 98 14 100 13 64 88 17 34 45 46 8 39 21 10 374
19 22 29 25 58 86 45 4 21 10 13 67 78 15 51 64 80 15 3 40 257
70 20 57 30 2 83 42 49 69 71 32 44 84 99 72 84 52 6 81 1 38
6 45 7 10 13 91 13 30 88 54 40 94 97 11 14 27 21 3 3 60 78
255 60 277 156 30 219 123 158 336 322 115 203 252 28 198 324 409 510 391 980
