20 20
4 32 62 46 23 51 59 28 85 50 89 19 42 33 45 81 9 72 65 85 243
79 22 56 84 88 72 23 88 34 66 67 12 42 5 29 59 47 63 60 23 395
35 26 59 100 84 83 8 55 97 56 16 99 7 93 30 53 21 82 88 85 181
29 50 79 91 12 86 37 53 22 46 88 40 93 69 94 78 19 65 9 10 348
9 52 13 25 49 29 67 31 60 91 23 84 84 87 65 89 43 33 42 59 330
80 51 33 52 27 9 72 90 58 10 39 40 82 74 14 9 45 87 60 17 25
93 7 13 99 64 75 52 12 66 79 70 10 77 26 99 11 83 93 12 78 398
79 71 55 96 56 47 59 5 58 92 47 17 67 38 53 98 87 93 43 49 463
38 86 87 17 100 36 43 59 10 73 55 60 87 87 15 5 77 76 11 62 498
46 28 63 1 34 97 26 8 35 54 7 19 43 96 8 55 61 59 52 35 401
33 76 86 17 33 8 78 27 87 5 72 68 34 87 22 19 53 65 29 58 218
68 3 69 29 70 39 66 7 87 83 62 50 85 28 49 90 1 41 35 62 266
20 13 20 60 7 95 16 99 4 31 57 84 8 50 73 3 58 17 80 71 160
47 85 11 53 27 75 6 24 99 80 77 94 41 57 26 44 92 97 68 67 244
30 46 55 75 20 55 10 59 55 52 28 93 44 45 83 65 46 70 28 33 29
5 25 91 13 45 81 6 8 69 49 28 10 26 67 17 71 88 72 52 69 65
64 28 35 89 48 47 41 42 12 23 83 78 51 12 26 62 87 65 27 100 352
100 99 68 19 100 10 55 86 22 52 70 77 93 88 83 94 39 42 18 22 246
38 42 2 36 90 18 100 21 87 55 97 46 82 50 40 58 24 96 44 10 493
95 55 7 55 75 72 90 38 23 82 88 81 8 44 52 77 25 34 14 42 379
31 85 50 246 331 269 329 74 41 67 101 119 134 179 609 26 51 179 869 1944
