15 15
41 82 85 70 30 47 9 65 66 31 57 65 2 53 79 157
84 11 26 37 33 82 59 16 13 49 29 41 3 97 72 422
55 49 41 93 18 80 40 23 74 67 8 2 67 11 43 230
34 17 28 54 86 31 97 63 19 48 48 3 95 58 92 158
67 91 72 55 40 49 79 40 33 27 30 23 62 87 36 385
51 10 10 63 29 21 4 6 57 48 5 90 1 92 23 273
63 96 57 50 4 68 97 92 67 92 85 34 16 19 66 481
14 2 79 20 92 7 61 40 61 29 85 34 91 13 6 190
20 76 14 92 2 19 90 66 95 93 9 61 12 100 96 294
75 37 76 32 64 57 25 65 86 40 8 39 78 64 84 113
18 57 48 94 39 59 71 51 78 35 97 78 78 40 25 57
100 5 37 4 62 90 5 95 26 34 72 66 36 20 91 27
35 41 72 97 29 37 85 94 36 73 40 2 51 51 22 174
72 82 87 79 76 64 91 59 39 23 100 3 67 98 58 378
91 28 67 55 64 94 43 94 80 38 12 49 77 38 20 287
149 94 69 106 239 69 40 174 165 377 34 371 329 324 1086
