15 15
76 27 41 64 92 37 68 43 17 29 25 14 25 97 100 61
50 76 11 19 60 87 41 34 97 20 90 71 86 15 15 191
94 31 10 31 49 52 75 80 17 61 53 98 38 55 22 39
50 20 22 39 3 71 5 15 68 9 90 50 30 11 12 151
32 50 33 42 9 21 82 10 46 41 81 38 53 58 75 266
73 11 53 71 38 19 88 82 19 10 48 41 3 49 8 239
8 82 32 56 5 57 77 11 81 34 41 26 59 99 78 350
3 47 93 90 8 6 86 97 42 87 80 1 27 66 94 423
4 91 39 1 36 74 34 3 57 62 93 33 64 70 37 340
43 5 19 1 44 93 72 79 5 63 98 64 56 72 36 214
83 74 65 48 62 13 79 70 36 88 76 61 54 15 14 172
43 83 8 42 47 33 53 3 7 63 80 6 53 6 45 414
30 83 97 1 26 16 39 10 90 57 26 71 92 81 84 233
69 13 33 49 90 10 37 51 97 18 76 94 69 77 48 360
81 97 30 92 41 96 36 81 15 11 42 93 13 54 17 280
76 19 72 51 118 206 310 221 194 303 56 436 537 23 1111
