20 20
99 98 90 37 72 60 42 11 17 23 91 95 7 36 9 43 19 9 81 31 236
38 72 21 21 60 92 67 74 23 29 30 31 98 85 40 10 82 92 60 46 422
1 87 69 46 11 95 13 8 58 57 62 99 68 81 57 13 40 82 87 23 381
26 34 72 65 4 63 27 66 65 26 33 39 67 3 80 63 24 39 8 46 37
88 52 45 46 47 31 90 11 100 7 71 9 98 2 57 40 15 36 62 23 196
36 56 97 65 16 85 81 97 55 90 42 68 80 43 93 43 3 44 41 89 338
90 53 95 44 40 55 100 5 41 78 48 52 5 44 18 90 39 84 74 57 352
19 40 72 76 26 21 13 65 29 60 17 88 40 64 66 87 95 33 59 25 381
70 53 4 68 66 46 14 85 29 82 20 89 43 50 87 65 81 44 49 44 334
60 22 42 85 23 94 10 55 63 55 18 1 5 45 67 33 92 74 18 56 181
8 60 86 3 32 10 95 88 84 31 94 27 40 91 59 56 97 35 39 53 402
70 35 26 48 74 73 52 47 65 99 25 5 14 31 16 93 5 96 10 2 323
35 26 38 17 1 10 90 95 17 88 37 47 21 10 36 61 48 84 58 75 114
97 43 15 26 12 52 83 99 76 78 36 35 30 78 18 12 59 52 87 53 138
73 23 6 90 88 90 65 96 79 44 84 47 95 16 11 48 96 95 28 69 61
24 51 36 56 54 57 62 78 74 80 46 7 75 91 74 10 33 27 32 86 308
77 13 80 82 75 57 13 62 41 51 73 54 61 22 95 83 70 5 80 59 76
15 20 5 95 1 80 28 36 14 32 40 66 39 39 76 18 39 32 38 83 487
95 14 95 37 13 71 29 70 23 93 83 2 88 31 6 91 72 40 34 74 383
13 40 34 96 76 44 42 86 62 22 73 66 56 71 30 33 93 94 50 16 52
155 1 61 220 91 74 311 304 257 224 91 96 281 55 54 309 462 669 98 1389
