15 15
68 28 90 25 39 80 62 75 59 53 50 66 22 46 20 23
86 100 13 12 38 14 75 32 9 65 42 97 59 48 38 154
61 81 44 14 83 77 36 34 100 56 79 57 14 38 15 244
40 70 56 85 78 8 63 38 39 81 21 76 90 1 53 365
93 7 62 30 43 59 29 32 78 70 44 68 43 74 16 188
82 72 35 88 8 77 66 52 74 46 36 10 9 43 33 68
24 52 32 32 89 34 52 77 78 44 5 74 9 7 91 300
34 61 82 28 80 37 34 2 84 32 48 93 85 40 86 112
36 51 92 80 76 58 37 15 56 34 14 98 32 41 35 437
3 86 47 92 92 17 15 6 67 73 8 85 98 67 76 270
11 57 35 58 73 20 86 72 3 50 2 57 83 48 60 461
95 59 46 13 27 40 61 25 92 6 85 73 66 59 35 284
72 33 61 9 23 58 54 24 12 65 70 65 40 69 98 72
34 15 17 77 5 57 13 49 51 45 21 86 49 79 61 143
39 2 95 57 8 4 6 13 48 26 18 92 16 77 85 157
138 29 95 183 10 223 166 140 300 207 62 235 94 673 723
