20 20
45 69 83 70 75 39 88 97 54 50 36 58 52 40 96 53 41 34 19 85 359
7 73 39 48 98 41 59 64 77 88 94 49 63 98 67 16 35 79 52 100 203
48 65 48 41 83 75 61 39 99 7 77 55 5 50 33 11 45 56 18 57 35
51 34 62 32 5 33 3 70 51 77 11 93 89 12 75 65 48 89 81 80 500
4 65 38 4 64 85 80 51 31 89 16 23 61 91 6 93 30 44 27 33 109
47 75 47 41 87 17 44 53 46 77 25 78 44 12 89 52 84 79 18 81 485
6 54 36 87 55 37 16 36 81 7 14 50 45 2 47 61 56 68 45 94 496
18 50 97 14 58 43 41 9 61 56 35 93 70 5 38 10 6 83 84 50 45
93 88 92 17 100 21 43 18 46 89 22 55 94 32 21 4 36 73 100 63 158
84 11 7 6 66 19 10 75 62 9 58 25 32 94 50 91 28 53 44 15 253
87 18 69 39 50 44 42 76 70 18 54 24 33 11 36 90 18 74 36 75 302
39 55 31 45 57 17 82 51 62 71 37 36 57 60 18 7 50 25 29 73 455
3 28 65 28 18 51 65 13 35 88 31 60 41 97 48 91 26 39 20 75 432
75 26 33 58 32 88 27 44 36 46 87 90 71 17 26 42 86 54 53 94 170
67 67 45 73 40 87 44 18 72 65 57 25 53 1 40 96 88 93 78 52 478
18 20 6 14 39 85 31 11 47 15 16 39 97 84 95 30 90 67 35 32 448
21 13 39 11 88 22 29 43 59 32 43 46 70 92 25 94 81 43 37 49 137
16 58 5 91 55 77 38 67 97 14 53 35 30 47 4 94 2 88 40 16 490
64 64 66 17 53 98 96 1 84 12 25 27 71 53 47 77 10 82 33 83 473
94 57 73 99 7 8 46 40 89 62 17 35 36 18 96 39 54 19 48 70 23
55 138 187 129 43 246 50 73 320 226 379 201 309 69 390 596 244 611 790 995
