15 15
47 71 57 22 40 88 37 15 59 29 30 99 93 27 28 72
87 15 83 24 43 5 86 92 38 56 13 49 82 17 60 135
29 52 72 33 81 12 62 17 2 26 79 38 38 78 55 232
84 84 38 69 22 56 80 52 97 98 49 13 21 26 99 242
19 30 99 41 42 18 83 9 79 5 31 3 38 21 96 443
67 54 64 98 48 17 46 74 64 79 57 35 69 36 62 70
6 68 27 38 47 31 81 73 22 3 9 75 33 46 46 32
35 53 33 67 30 41 93 43 71 85 28 36 72 53 63 56
82 83 75 49 12 27 49 5 43 37 71 74 62 65 13 434
73 79 86 38 4 79 59 60 4 40 7 90 61 99 73 17
34 83 43 39 26 25 93 26 75 50 100 59 20 96 8 135
21 76 8 78 47 54 44 31 66 25 79 56 79 59 55 493
75 4 31 72 92 11 5 64 20 8 85 26 81 91 73 434
93 33 15 95 98 31 22 31 81 8 86 72 82 1 68 115
10 55 63 58 92 4 60 82 68 98 58 37 36 56 53 283
162 82 125 234 17 242 194 19 54 10 86 323 350 97 1198
