20 20
11 37 73 60 65 15 58 36 79 2 57 47 43 11 36 1 79 87 23 74 315
57 10 43 34 63 47 5 95 70 98 9 49 24 14 83 89 81 28 60 78 275
31 100 84 99 43 60 16 70 78 79 35 76 33 22 50 29 29 69 9 59 135
1 47 47 82 41 2 93 7 22 52 29 20 62 14 73 86 61 15 88 51 285
75 38 13 46 50 73 60 3 48 58 61 21 48 7 50 88 23 21 51 60 252
31 42 64 50 24 16 86 55 74 10 13 74 99 58 33 91 10 67 61 23 214
41 82 32 51 16 54 33 46 95 95 40 34 91 91 63 30 90 21 39 44 452
51 75 42 74 99 67 44 71 6 71 77 80 6 3 46 36 87 44 23 88 402
86 8 70 98 3 81 55 4 19 48 51 65 54 12 39 26 50 71 40 87 10
7 54 63 80 4 55 1 15 6 67 89 62 20 2 60 27 93 77 75 85 233
54 90 68 15 49 96 60 47 12 13 26 71 33 34 21 28 34 5 28 23 49
75 3 39 19 69 61 45 44 93 35 50 61 84 18 16 26 75 37 18 5 423
75 69 17 86 4 71 78 83 37 80 85 57 33 62 57 60 88 20 33 67 436
25 4 59 8 18 26 1 16 51 94 10 23 93 2 33 14 80 6 91 39 412
30 48 62 65 39 72 50 57 19 81 40 12 37 61 93 15 64 16 25 51 181
68 53 10 1 80 25 99 68 41 24 50 29 79 7 39 41 99 72 12 56 328
8 57 45 80 13 79 7 91 36 12 54 65 22 30 52 64 77 46 64 40 382
19 11 63 65 2 5 2 73 69 52 46 19 89 24 23 31 32 24 15 44 361
42 20 74 66 99 64 39 75 27 74 58 75 41 9 86 26 21 99 83 64 112
84 31 86 56 71 48 35 73 90 40 81 83 76 48 46 78 70 72 11 5 198
248 166 268 224 166 6 112 53 90 174 102 346 148 84 171 48 157 70 668 2154
