15 15
95 39 44 93 51 60 44 65 89 11 94 99 55 62 22 236
96 54 28 70 48 89 76 44 77 78 6 72 85 5 82 73
2 30 28 19 28 54 61 75 31 97 57 36 95 3 36 354
61 97 18 36 75 24 61 88 33 83 7 59 86 60 24 188
84 41 92 21 26 11 22 78 53 76 22 57 73 89 77 25
65 22 53 89 86 22 83 77 73 31 33 71 22 36 77 69
42 93 56 76 41 17 23 34 10 100 12 77 79 82 27 468
67 23 34 16 7 76 17 49 19 5 96 78 64 51 35 284
69 27 12 17 9 19 3 29 60 57 47 90 40 93 90 438
89 56 66 78 83 40 51 36 4 34 82 77 45 64 4 290
18 46 35 66 65 83 15 83 39 33 100 100 47 28 37 476
42 99 22 35 54 14 70 35 93 45 35 15 91 17 59 103
13 37 41 68 59 56 47 73 90 70 93 33 38 25 55 330
30 63 75 6 7 62 87 8 93 10 97 74 68 31 32 288
51 3 95 67 16 79 98 26 26 13 31 85 27 41 38 313
69 38 121 185 46 106 212 308 66 156 6 581 278 315 1448
