15 15
39 38 53 74 56 72 32 21 59 44 52 66 21 47 61 456
15 10 85 82 3 95 86 2 79 56 3 80 69 30 39 43
32 52 27 60 77 48 70 47 46 32 6 36 21 69 78 120
56 15 49 4 35 16 43 84 43 16 23 52 64 11 10 52
3 61 98 77 30 38 27 1 60 39 68 74 84 25 99 379
94 89 79 82 50 89 50 89 16 47 80 43 20 84 37 190
60 25 50 41 42 56 81 50 61 35 79 2 50 3 12 143
10 86 31 83 39 64 54 40 98 59 93 82 9 90 32 161
6 49 18 73 30 17 19 29 10 1 34 15 47 26 22 236
80 65 86 65 45 57 79 66 80 68 68 45 1 67 21 126
100 74 3 60 41 67 51 19 18 4 35 91 58 90 79 62
68 80 90 9 39 85 61 16 44 15 41 73 72 8 76 437
81 91 52 40 68 87 6 75 21 80 18 54 14 96 65 182
80 33 64 60 88 19 36 1 86 54 98 13 84 52 9 355
7 67 29 92 92 1 5 6 51 55 68 68 38 85 67 387
110 148 30 234 187 23 240 168 231 140 190 357 108 280 883
