15 15
18 29 99 76 51 6 36 44 24 61 6 52 85 7 85 361
57 62 98 65 15 92 56 56 5 97 31 29 28 30 77 362
40 60 63 23 25 37 46 91 43 71 35 57 24 34 38 173
2 20 49 72 34 26 13 61 9 68 51 25 40 4 48 419
50 78 13 67 90 73 91 65 21 15 35 43 64 52 90 48
10 2 61 1 21 49 57 14 97 19 33 37 72 33 35 18
74 67 69 79 68 19 22 8 70 6 95 97 62 66 1 420
13 5 18 18 67 20 94 26 5 38 33 2 89 64 28 261
27 57 31 96 23 95 21 58 67 5 29 97 60 70 65 373
67 73 64 85 9 18 12 8 45 34 25 78 60 26 77 129
81 98 34 50 1 37 5 9 95 50 22 74 45 38 57 482
77 69 27 65 52 54 97 13 22 41 95 1 70 86 53 119
95 34 54 32 43 30 11 23 75 73 64 53 53 95 57 283
37 93 10 44 15 19 67 88 95 28 76 24 45 1 71 310
42 71 37 11 33 52 11 98 93 64 47 44 53 12 97 159
199 57 275 188 105 124 281 27 328 388 241 100 84 604 916
