20 20
54 23 13 64 58 94 33 95 5 92 86 22 54 34 81 89 24 2 35 77 87
8 93 93 50 42 15 57 96 42 3 35 82 95 7 46 36 47 6 90 9 462
81 21 3 27 36 19 11 77 86 87 18 63 8 39 15 48 70 35 61 55 395
5 70 95 64 27 69 99 13 74 3 86 10 97 79 49 54 53 37 86 72 110
21 71 88 43 93 77 24 32 91 10 44 29 76 93 85 19 13 19 36 49 497
71 70 85 24 46 13 87 11 34 99 82 92 73 74 79 83 95 78 69 73 397
96 52 100 80 76 50 72 69 30 19 34 50 99 89 12 2 57 65 6 75 497
87 11 77 37 9 49 53 3 19 9 58 23 5 98 82 84 15 30 64 32 59
58 78 6 5 49 33 63 81 64 3 9 73 93 87 68 7 20 67 27 31 65
4 16 39 81 85 25 54 59 97 60 63 52 7 35 71 59 55 71 39 61 34
9 45 65 53 78 87 50 60 52 53 79 83 40 94 56 28 3 46 54 100 448
7 28 15 51 77 51 76 53 31 25 97 24 48 89 18 54 78 83 93 92 111
21 8 95 34 24 80 29 85 15 40 7 34 69 36 15 54 45 59 34 69 131
80 24 29 14 52 93 48 31 20 34 67 21 40 13 84 32 55 53 42 17 216
83 22 72 31 86 35 80 93 58 67 19 6 55 78 78 75 19 75 94 76 166
70 51 83 92 12 33 90 93 100 99 39 11 96 93 55 45 59 3 18 89 195
61 41 72 3 89 2 72 44 16 94 63 92 89 35 21 89 65 35 82 83 199
52 93 65 4 60 51 39 100 47 13 76 40 80 31 73 55 91 49 38 18 348
87 76 78 12 93 33 69 19 74 77 56 35 13 83 100 8 19 32 96 30 73
34 64 85 63 91 31 51 24 68 57 43 62 86 8 30 78 24 29 6 9 337
14 205 253 229 178 240 29 236 255 61 46 246 157 219 191 168 446 464 419 771
