15 15
27 3 27 58 37 100 48 14 21 78 91 46 58 52 83 327
64 20 55 31 35 97 35 65 62 46 23 62 35 4 76 280
60 5 30 3 54 24 91 52 64 25 59 12 25 11 31 82
88 65 47 30 83 30 75 78 45 69 26 43 88 16 67 157
24 40 48 72 80 83 5 18 4 99 14 85 23 27 41 245
9 48 93 91 37 74 42 91 46 45 35 71 60 18 18 201
30 8 55 57 28 59 90 38 74 47 98 47 2 9 57 283
25 14 41 86 6 99 90 59 62 68 97 75 98 1 67 357
48 18 69 30 61 76 84 53 3 32 79 45 20 60 91 323
38 59 67 56 20 5 99 3 97 7 27 1 99 30 93 451
78 8 74 93 73 94 47 89 56 53 8 89 15 88 52 227
65 13 29 69 32 96 96 75 45 90 5 56 26 57 11 61
100 7 46 88 24 30 79 48 81 77 50 49 83 51 14 370
21 9 45 41 33 20 67 99 30 94 41 55 66 84 22 376
42 56 31 51 15 29 21 36 83 14 48 11 7 27 5 468
81 39 309 37 157 248 342 29 311 252 74 465 173 40 1651
