15 15
36 86 22 52 68 84 20 38 58 5 53 49 15 62 38 133
51 59 94 57 29 25 67 81 16 62 12 91 31 82 47 474
31 44 56 56 21 37 2 77 53 5 6 94 13 20 38 174
89 38 7 64 18 52 58 93 46 63 38 11 39 95 36 144
81 62 54 84 52 41 62 33 26 5 7 55 96 79 71 216
16 73 25 51 30 19 5 26 59 11 74 74 53 38 69 386
66 95 84 6 46 51 7 89 68 2 7 55 4 39 84 454
49 97 71 22 68 48 96 13 59 93 96 91 46 74 95 143
68 82 40 7 76 14 14 44 41 84 43 62 30 23 7 178
13 79 79 78 13 8 64 18 76 82 12 52 13 60 95 496
76 5 35 68 4 33 37 99 61 70 35 33 46 12 44 49
94 40 86 61 89 28 63 61 99 67 19 53 57 8 50 144
42 30 54 53 55 47 50 9 26 17 8 26 98 8 45 464
22 82 74 20 31 64 40 12 21 30 2 59 85 53 67 190
27 15 52 97 66 11 24 92 56 97 58 23 35 81 54 376
103 49 125 182 114 120 276 104 306 73 304 360 541 227 1137
