15 15
7 19 6 32 48 62 9 18 67 55 67 55 24 23 9 252
61 57 82 43 19 43 48 73 64 29 60 88 53 62 58 391
81 13 88 77 23 27 71 3 45 21 58 26 96 92 38 165
78 2 78 30 79 25 41 89 14 85 75 66 65 25 82 302
47 24 13 61 60 83 90 93 53 96 63 74 12 7 4 154
77 71 15 87 60 64 74 35 51 37 91 91 29 79 53 116
62 44 79 16 22 86 70 80 73 50 27 45 22 94 16 99
38 80 86 50 1 76 58 96 80 9 33 49 19 70 5 15
90 70 88 23 74 50 96 28 66 35 84 26 41 84 77 51
7 71 100 68 77 79 70 16 40 1 47 92 56 77 27 91
43 69 22 62 2 41 89 2 9 79 64 27 29 89 50 62
41 25 76 56 1 77 20 34 32 76 17 4 85 89 9 480
32 80 42 11 27 1 62 41 79 71 80 16 19 68 8 478
6 94 4 64 48 3 15 62 55 57 49 30 93 65 20 31
88 6 82 3 3 52 42 36 68 67 64 23 25 17 9 217
43 70 188 42 175 4 247 21 19 188 224 141 80 437 1025
