20 20
80 87 48 99 40 53 30 87 36 79 25 31 45 21 35 12 18 65 15 85 192
5 31 1 97 42 69 83 80 38 58 77 34 84 61 36 84 49 54 23 99 141
7 41 100 55 71 17 71 10 68 27 5 17 70 5 47 43 53 33 22 1 354
77 70 99 56 69 45 48 32 10 32 4 6 84 39 13 97 91 76 32 5 313
72 40 48 74 53 32 83 32 71 48 40 74 97 37 84 91 8 18 32 58 202
77 28 90 49 100 72 96 90 66 85 100 16 79 90 37 99 93 43 6 22 109
26 6 29 39 5 40 85 50 99 51 72 13 55 64 80 99 28 78 4 3 265
34 35 84 67 50 40 87 96 45 50 37 70 24 44 26 63 65 97 1 64 34
70 43 78 97 50 61 49 27 80 90 62 7 93 31 52 74 54 4 5 73 158
45 71 56 68 97 25 49 87 7 56 92 59 6 48 42 47 16 96 4 63 160
33 64 98 23 88 61 81 84 43 19 92 58 35 16 92 88 55 94 44 17 190
13 45 44 62 21 81 85 63 62 81 6 60 10 18 72 54 33 4 62 39 93
42 34 20 22 97 3 34 74 16 41 83 77 82 30 29 8 21 52 61 29 326
47 68 18 46 59 37 63 82 55 50 49 47 94 54 86 73 12 1 78 12 324
33 92 81 81 83 90 79 95 32 29 44 34 90 48 55 41 38 97 82 85 172
22 54 17 16 74 40 37 50 72 27 77 100 76 42 71 82 43 13 52 42 240
80 63 17 41 82 22 31 48 31 11 26 41 99 3 18 63 11 2 30 22 216
84 34 76 64 2 94 77 62 33 73 53 31 72 27 20 1 43 74 41 3 393
78 20 7 17 15 52 68 73 47 44 20 99 45 51 24 51 64 83 92 91 22
92 28 72 62 65 14 41 81 86 49 87 91 14 96 92 5 14 16 14 2 94
4 17 51 114 25 37 156 5 276 129 103 86 112 202 95 495 428 528 17 1118
