20 20
9 43 54 17 67 62 2 11 62 48 89 33 89 13 82 52 89 63 81 10 362
9 82 38 22 100 48 85 74 36 68 83 32 28 97 84 45 13 18 93 59 224
15 11 97 14 71 9 14 11 8 97 64 22 13 64 24 41 1 97 68 49 178
55 95 20 65 34 20 83 61 52 98 13 71 77 26 66 43 13 11 13 40 122
52 78 62 3 38 88 38 73 89 92 11 100 50 74 88 46 8 8 20 35 321
43 38 66 26 35 34 46 41 100 30 6 13 75 65 9 77 25 62 26 65 356
41 19 97 68 13 19 42 41 50 80 30 86 98 61 45 2 59 41 74 78 79
74 46 5 47 51 9 37 82 43 56 56 62 15 10 62 36 20 29 73 79 420
98 40 29 14 78 59 30 13 53 17 36 70 93 32 39 48 3 94 49 84 224
36 20 12 94 74 54 46 49 90 8 17 19 28 7 3 73 33 60 42 25 246
42 89 30 39 3 9 19 66 22 14 88 51 55 51 36 64 50 51 49 31 415
57 47 33 48 94 12 36 31 43 23 11 88 31 39 64 89 12 97 26 58 217
13 75 47 99 16 10 88 60 51 29 3 23 52 61 28 44 53 70 15 63 109
19 71 85 63 32 69 67 67 47 51 53 18 54 82 20 84 100 56 31 100 261
2 51 44 52 42 64 66 1 11 92 81 39 77 34 67 85 43 57 47 31 369
82 48 14 34 4 86 92 80 25 28 55 95 67 23 7 54 3 20 45 49 341
97 35 75 25 95 78 87 89 46 44 28 93 28 21 34 16 61 57 20 2 159
54 88 95 2 33 68 86 37 20 4 3 42 88 38 11 3 89 2 18 59 53
25 39 17 1 37 25 81 55 27 3 68 76 99 82 7 3 89 6 43 74 172
98 21 18 91 91 99 55 55 36 88 73 89 84 94 99 91 82 40 26 33 121
168 150 203 232 69 111 82 122 5 255 329 147 298 260 360 135 15 594 325 889
