15 15
6 79 38 48 28 22 36 26 35 8 44 65 39 80 15 356
51 44 41 74 95 61 61 85 31 99 64 72 95 89 28 139
86 34 78 9 10 21 25 64 6 34 38 60 40 13 32 366
98 59 17 66 31 52 60 19 91 70 87 50 49 62 56 349
17 32 99 94 96 3 51 36 53 84 66 51 34 94 51 361
64 59 34 13 99 65 29 47 76 74 41 99 23 65 2 17
26 54 6 26 38 89 34 65 24 97 77 62 59 86 18 119
90 75 45 5 5 2 45 66 9 19 42 15 70 93 64 51
50 19 10 21 99 99 86 52 21 26 36 29 63 48 30 170
67 66 98 22 56 17 71 14 22 96 26 99 94 30 96 388
23 12 42 35 10 80 82 32 80 2 25 58 64 16 97 113
42 43 78 32 92 50 90 78 96 41 52 88 48 98 25 143
41 46 83 59 91 87 19 47 44 99 92 15 3 24 91 288
89 25 97 11 85 63 22 77 63 6 99 65 23 82 36 151
19 64 49 38 82 46 7 75 19 7 63 63 73 75 80 23
73 170 204 95 208 110 115 163 151 191 161 248 7 405 733
