15 15
84 27 30 9 88 10 27 68 13 59 18 83 95 8 75 190
35 13 36 27 30 56 56 54 42 9 85 26 85 77 55 468
78 51 42 24 74 27 49 12 28 92 64 9 16 69 20 359
100 65 99 79 23 37 15 20 26 57 75 9 79 20 57 96
100 17 6 70 23 86 98 61 53 18 47 19 48 95 23 132
76 81 12 15 1 6 1 30 97 80 53 64 32 27 22 116
22 77 67 43 10 70 24 6 33 9 63 78 27 6 14 161
69 47 72 15 40 64 14 36 57 54 89 92 50 43 99 90
40 66 79 27 46 1 11 90 61 51 76 44 91 70 57 67
87 36 18 3 10 54 74 20 71 87 35 82 31 62 92 77
49 12 60 41 79 3 24 28 28 49 46 45 76 44 80 487
54 31 52 33 89 44 27 49 53 72 72 68 85 100 6 104
18 42 83 21 54 7 43 46 98 85 65 67 79 89 60 288
33 44 18 62 2 84 61 30 78 33 66 27 82 69 49 31
96 79 12 79 22 98 24 85 22 20 92 7 13 46 98 168
71 46 140 199 66 37 146 34 258 112 83 258 121 545 718
