15 15
87 42 62 15 66 26 65 4 59 58 12 23 26 91 39 70
100 86 68 29 69 60 15 4 43 76 40 1 54 51 84 30
39 77 82 67 24 16 67 52 48 94 18 1 62 93 34 247
3 45 92 34 50 56 53 40 40 93 73 52 8 93 51 253
14 90 88 81 86 37 21 57 99 91 52 64 86 27 19 278
62 67 86 18 24 94 42 79 94 13 33 40 33 25 72 442
54 26 40 100 1 44 47 5 11 64 25 68 72 92 65 359
84 11 83 29 88 11 24 37 33 37 96 31 94 87 69 385
27 25 53 100 1 65 99 98 26 42 29 36 46 96 91 175
20 14 47 57 9 33 100 36 2 86 22 6 68 41 64 87
52 87 91 69 90 23 65 94 26 41 99 14 21 7 88 373
67 95 8 68 15 57 98 91 68 48 40 86 18 44 77 147
30 91 6 36 12 23 89 64 92 87 98 88 95 92 27 84
57 31 97 97 96 28 56 51 11 83 96 16 87 43 72 402
68 50 57 67 24 94 17 73 92 19 19 69 73 71 57 101
106 113 223 227 3 248 106 72 325 226 265 194 291 142 892
