20 20
69 15 40 22 95 55 16 95 47 19 9 34 98 84 57 95 66 88 79 14 258
24 71 24 74 29 50 97 37 16 32 48 31 4 77 38 42 92 62 63 16 404
35 71 46 11 72 40 74 70 42 65 84 46 8 95 52 15 13 46 27 69 473
62 69 91 14 81 61 22 55 64 59 98 65 41 54 38 98 41 54 42 89 332
7 41 60 27 98 79 62 39 6 51 12 45 43 37 70 81 22 10 78 7 213
68 42 81 76 22 38 86 91 10 20 46 90 51 58 1 27 16 71 30 55 96
87 69 62 83 20 71 100 15 19 39 5 55 19 18 21 52 72 27 10 60 434
96 32 56 32 35 72 42 93 82 3 65 61 83 81 17 41 87 39 71 59 63
8 80 52 100 16 65 85 20 100 100 94 54 17 35 38 30 99 30 10 5 237
69 47 50 94 44 1 44 86 100 84 76 74 8 88 78 78 61 43 75 40 71
73 88 32 83 19 48 50 14 5 31 28 81 70 22 80 20 28 38 78 3 242
65 70 71 68 80 81 96 62 43 69 40 5 91 89 24 71 27 36 94 21 127
93 10 47 16 78 63 71 89 80 88 43 99 44 34 35 32 90 9 69 62 367
1 89 1 80 11 62 41 32 56 79 81 20 69 17 50 76 57 22 86 15 16
66 1 10 81 3 27 50 77 39 36 40 59 63 55 59 84 13 90 52 97 31
36 89 77 99 19 22 11 31 60 29 11 16 87 16 97 4 25 88 75 34 194
69 70 21 25 42 38 97 87 1 82 30 13 13 9 97 33 36 22 45 38 156
46 84 74 50 67 25 17 47 22 7 9 78 51 54 98 73 71 68 82 76 122
84 44 100 94 67 80 3 57 29 81 61 19 11 60 78 62 53 94 56 53 229
68 90 63 1 40 37 48 74 36 40 86 64 23 75 65 74 71 30 55 8 335
79 224 147 148 156 91 123 14 146 182 237 163 97 120 164 79 427 295 418 1090
