15 15
7 31 23 44 5 9 61 34 42 40 80 60 18 31 5 378
14 42 76 54 82 62 81 1 64 30 98 88 43 70 3 471
17 5 98 4 57 48 88 55 25 96 38 63 88 42 57 146
53 13 99 42 4 15 93 12 70 32 65 75 94 41 44 381
94 21 67 22 78 24 14 64 34 51 46 98 28 90 36 126
70 51 45 54 18 58 8 92 33 34 44 46 80 54 32 452
68 59 27 62 88 87 68 81 4 12 98 20 21 77 69 264
93 95 51 84 24 25 100 44 45 25 39 54 25 87 6 372
68 9 2 79 8 50 23 85 56 76 95 50 49 28 3 128
73 30 5 37 95 44 36 21 66 35 2 72 42 62 5 131
2 47 86 17 64 55 40 25 44 53 89 22 95 35 78 57
12 55 25 53 93 56 20 13 42 70 4 4 68 34 88 489
92 44 10 49 36 28 13 80 99 40 48 28 8 48 15 337
15 90 47 68 23 13 46 15 17 83 71 94 8 52 49 222
24 69 74 57 84 48 4 8 39 16 86 11 44 70 33 370
192 295 291 159 39 3 130 236 279 335 324 325 431 53 1232
