20 20
30 20 11 45 38 19 80 99 73 72 14 11 54 42 92 31 66 47 77 19 282
14 79 95 13 8 24 24 37 87 63 75 41 29 40 68 46 9 31 96 33 440
11 39 97 47 97 9 26 71 21 75 29 2 50 44 82 28 78 30 25 3 405
33 88 7 73 22 2 26 31 44 89 54 17 59 99 99 1 96 60 49 15 319
5 82 5 23 77 45 39 56 44 75 38 84 10 93 86 13 89 71 65 86 93
23 7 18 93 6 3 85 3 82 24 5 61 97 74 80 68 17 51 71 22 175
98 41 39 89 23 45 69 95 20 77 66 47 42 73 72 73 28 89 72 37 360
42 98 27 3 46 30 61 58 94 2 31 85 64 97 38 29 62 24 66 8 14
54 17 10 7 47 23 15 5 70 39 85 44 95 47 49 92 31 89 75 88 74
80 98 77 5 76 35 7 81 22 89 19 18 62 35 100 75 65 53 20 81 332
3 93 74 5 45 61 86 17 94 43 26 36 70 91 53 31 37 78 53 94 258
68 45 56 93 30 34 21 65 20 3 66 38 97 18 83 85 58 31 62 92 440
95 68 32 41 5 60 2 98 43 23 66 79 10 62 67 31 88 63 34 35 252
77 44 93 31 29 46 87 52 1 30 52 72 42 36 27 45 43 97 62 52 433
93 72 35 17 79 11 61 93 93 38 69 13 47 92 73 81 3 7 75 40 325
46 60 29 19 27 81 72 71 7 83 62 53 25 74 20 26 26 35 68 51 294
16 2 34 98 57 16 14 49 23 4 53 69 3 63 44 52 94 30 14 55 236
90 64 97 94 57 9 64 88 76 61 74 23 20 20 51 8 7 22 10 3 156
95 28 6 36 23 68 97 74 77 9 18 16 93 99 66 90 53 34 60 54 257
96 89 13 67 7 98 94 17 88 63 81 24 98 28 17 73 13 72 83 32 462
239 216 232 273 205 135 250 108 40 338 182 356 92 260 154 454 201 553 219 1100
