20 20
62 84 54 74 80 19 83 7 11 95 14 65 91 86 48 53 26 28 76 14 196
38 87 98 81 97 55 32 74 34 57 8 82 7 59 56 74 91 11 21 96 345
53 83 87 2 51 48 88 61 3 38 36 82 68 22 54 12 46 84 58 83 205
39 41 78 21 35 61 58 59 69 30 74 80 40 60 63 75 82 28 89 87 382
59 78 30 60 19 53 98 4 93 54 76 28 28 5 84 41 83 7 75 51 212
66 23 72 30 29 23 72 4 31 66 78 63 34 36 52 27 99 75 28 96 113
68 29 99 21 15 100 41 20 46 66 1 71 90 3 86 2 59 41 89 97 276
24 99 41 30 90 88 8 62 90 23 10 82 31 14 84 93 41 20 79 56 141
37 24 31 22 8 21 57 34 52 54 83 62 79 76 76 25 16 74 69 93 329
9 36 7 31 46 54 38 99 91 15 58 36 99 75 30 86 66 77 25 23 134
63 90 44 9 51 32 32 49 75 88 89 100 100 16 65 88 20 79 71 59 352
63 49 55 31 81 89 77 65 18 84 41 64 7 77 62 70 58 35 64 20 109
60 77 18 95 77 8 39 80 40 39 42 41 10 80 89 51 31 42 68 70 325
38 1 45 68 71 70 8 87 91 54 83 66 22 97 10 80 11 17 70 94 79
72 21 28 55 31 46 14 94 72 70 92 57 18 10 32 24 84 94 51 5 398
8 68 63 19 6 93 7 62 7 14 56 28 85 55 18 100 87 31 88 98 388
76 93 69 96 28 72 68 9 64 43 8 54 11 16 70 33 55 8 62 47 412
19 24 14 55 61 19 28 71 4 86 45 38 23 74 59 55 15 58 99 68 461
8 62 93 92 62 81 9 25 1 4 64 57 16 33 79 12 6 36 61 31 159
67 19 90 10 32 98 6 21 25 18 73 34 45 18 87 70 27 67 74 66 59
87 134 148 269 22 245 289 14 51 156 200 332 20 371 55 128 211 653 273 1417
