15 15
97 3 79 66 89 48 91 37 76 24 3 78 64 22 22 39
47 95 44 54 88 34 58 10 35 78 79 17 84 40 33 87
79 100 12 79 21 20 24 36 14 69 58 65 95 41 72 326
46 85 97 8 70 59 81 30 98 9 49 24 69 86 19 257
26 14 59 1 85 20 69 27 51 89 19 47 3 93 74 17
63 25 87 36 96 12 16 88 41 59 12 36 88 13 63 188
27 79 67 9 21 100 84 26 19 51 89 7 31 39 86 399
18 77 15 47 63 71 40 95 36 14 45 24 32 73 77 462
98 34 84 6 1 89 66 23 80 78 94 25 78 47 4 300
26 2 17 73 14 13 99 17 78 17 51 82 87 27 19 349
17 1 68 40 56 15 13 6 76 86 57 42 49 90 7 432
55 68 9 98 8 98 29 42 85 80 74 35 71 25 51 325
58 42 72 16 66 31 85 88 5 99 3 37 51 47 11 295
83 55 30 21 26 4 21 60 100 56 72 11 19 34 31 181
26 97 64 84 99 7 71 69 63 7 69 43 40 40 24 108
234 65 20 206 129 186 263 180 189 187 154 330 470 437 715
