15 15
42 51 41 60 87 30 89 19 56 83 7 54 67 36 14 266
97 87 71 100 77 37 4 24 7 23 89 26 19 77 43 324
91 31 86 89 62 58 26 16 13 2 59 29 38 1 89 123
54 27 88 61 94 40 12 10 15 66 38 58 15 67 66 130
97 63 61 60 94 57 29 67 71 23 89 28 94 32 87 111
8 72 74 80 7 66 18 87 15 30 1 78 1 30 17 460
22 3 91 26 93 1 35 23 28 85 59 92 48 19 66 29
63 19 27 40 55 71 44 86 45 2 68 44 65 2 68 40
74 97 33 34 70 47 48 52 70 28 49 17 85 80 79 90
15 100 46 82 3 13 60 69 31 44 16 95 95 71 40 90
77 32 51 36 59 33 81 88 33 17 88 54 55 8 51 79
73 86 90 23 64 61 71 9 34 67 24 23 9 92 73 46
6 95 79 90 6 52 73 97 30 64 7 74 3 63 72 88
11 77 39 48 27 79 91 31 45 29 35 42 56 43 69 383
18 38 78 74 27 43 71 59 18 67 52 5 27 52 8 120
68 103 107 16 2 206 83 193 22 17 127 292 141 293 709
