20 20
24 35 41 70 19 53 67 55 14 45 67 54 60 44 59 61 32 89 96 87 131
49 2 56 68 83 78 60 5 2 80 38 100 32 49 69 15 76 24 87 68 273
83 25 64 35 69 7 34 99 8 57 29 39 79 39 27 96 55 36 65 97 380
14 17 81 28 19 86 52 51 55 89 26 11 32 7 73 23 51 55 64 28 164
19 31 25 95 3 95 64 41 61 59 12 63 40 30 23 32 89 40 14 79 207
93 79 30 61 93 50 75 73 21 18 18 66 68 15 21 25 78 38 38 47 194
69 30 38 16 5 61 25 2 68 9 11 68 30 29 22 72 31 42 18 62 268
63 72 29 29 99 81 87 11 23 41 57 40 65 14 13 35 76 97 50 89 325
11 59 34 32 37 62 59 58 59 83 52 6 50 77 27 79 98 63 100 44 110
83 19 6 87 19 88 50 80 42 71 84 38 70 25 91 53 86 10 35 57 422
57 2 40 74 91 22 62 83 67 88 50 75 21 65 69 19 7 3 24 38 58
71 43 64 36 47 66 16 5 19 15 95 73 74 37 76 48 74 9 20 67 168
41 53 60 73 58 5 84 37 23 64 61 29 50 35 14 23 88 9 74 78 111
81 67 14 31 4 96 3 22 55 53 52 100 59 56 32 92 22 39 27 87 404
95 90 7 82 33 27 44 30 29 23 85 63 95 45 81 15 18 90 97 88 482
67 88 22 59 7 18 100 56 26 7 34 91 25 39 6 57 59 97 62 70 478
68 11 75 61 90 57 8 70 71 100 21 8 64 93 15 36 91 61 35 19 293
53 69 36 85 22 15 68 49 10 34 32 15 27 63 78 38 42 33 56 59 107
39 3 73 85 30 43 74 18 15 40 66 92 48 19 8 81 71 95 78 74 243
96 17 12 72 1 99 3 63 82 57 36 75 24 60 7 50 81 69 71 72 191
68 3 10 223 59 284 225 246 59 239 281 210 120 237 278 374 146 402 591 954
