15 15
54 71 49 32 64 72 14 88 62 33 35 10 50 98 88 195
7 74 40 59 47 93 58 49 19 73 70 87 90 52 57 187
19 70 56 64 79 13 76 27 43 64 9 56 11 96 37 282
38 43 78 10 16 67 9 6 57 79 18 80 44 99 53 52
55 18 3 71 45 80 79 92 36 69 26 5 80 58 32 486
47 92 85 29 93 47 32 97 67 50 9 64 13 66 68 187
80 74 81 80 51 15 13 94 82 31 23 80 26 36 20 310
60 40 58 92 91 53 76 42 19 91 34 85 32 89 25 15
82 17 45 96 37 65 88 92 50 47 33 22 80 97 93 119
91 66 16 76 60 89 99 65 19 69 47 6 7 85 91 233
60 28 97 95 10 28 4 19 49 13 11 59 19 46 93 439
9 5 56 21 14 85 9 17 61 31 93 83 26 98 3 307
28 70 7 75 72 81 61 11 24 79 63 19 97 35 38 489
59 81 59 16 4 27 48 50 33 75 68 26 60 62 62 459
13 28 67 21 19 37 13 45 37 87 51 3 8 78 90 38
41 187 269 271 171 237 213 262 284 246 217 127 375 262 636
