20 20
55 95 32 44 25 57 60 59 100 57 13 30 2 82 41 51 80 45 49 43 174
87 4 43 10 64 32 69 59 90 89 97 15 39 46 43 27 28 46 60 53 382
60 74 52 14 95 77 17 45 9 35 63 98 100 39 20 24 52 48 51 98 261
22 97 16 30 59 11 66 53 19 34 37 99 54 12 14 5 42 18 88 65 388
65 41 93 82 62 63 39 48 99 63 28 57 2 56 99 36 98 79 58 42 200
49 71 51 86 55 60 4 32 96 32 39 22 69 42 90 1 54 99 85 4 413
28 71 75 22 29 69 64 92 50 56 75 67 29 77 22 64 13 22 78 18 259
34 59 41 9 73 22 51 51 52 54 16 16 2 80 86 4 14 47 64 36 491
86 98 43 88 69 85 17 84 25 81 73 8 37 21 14 52 74 64 58 75 467
49 94 85 72 96 87 21 12 35 61 12 48 36 15 67 25 62 43 16 7 34
32 35 23 63 44 83 5 23 16 54 49 58 99 34 22 11 19 61 33 44 293
72 7 68 65 32 8 42 68 33 38 32 16 92 64 50 81 73 39 45 76 250
36 19 44 77 10 80 20 80 75 77 79 91 77 42 83 79 73 66 3 77 194
14 53 21 49 11 71 13 12 94 56 3 46 14 83 77 49 55 34 6 69 344
95 60 62 53 66 8 81 70 19 9 81 16 34 7 77 26 13 32 61 6 71
65 84 73 69 24 18 1 15 2 85 10 24 76 7 20 97 31 6 3 41 36
66 99 45 80 52 84 83 53 32 13 65 97 70 66 15 49 74 64 50 5 75
62 69 22 25 50 56 90 57 75 24 64 26 54 86 63 85 12 14 76 22 397
29 82 15 72 63 43 47 21 58 29 15 3 31 53 6 63 72 73 51 88 197
32 92 9 29 100 68 84 41 56 50 67 18 22 94 65 94 91 30 12 36 381
132 228 206 28 177 233 288 129 305 236 88 330 158 203 340 368 434 131 212 1081
