15 15
97 67 29 33 4 30 97 41 85 61 20 40 12 22 23 83
8 16 52 14 51 68 60 51 97 36 96 16 2 22 46 467
42 5 86 100 93 63 85 75 32 8 17 69 32 54 80 149
37 7 21 48 55 24 92 56 68 29 20 11 81 38 78 491
29 83 53 79 24 39 86 39 92 16 15 85 40 19 8 68
86 40 89 1 85 20 55 63 97 32 86 97 15 74 8 58
71 66 4 57 39 65 19 81 64 25 47 66 40 84 29 109
10 84 51 20 15 12 20 27 23 47 11 22 70 54 93 161
59 19 46 67 91 50 10 3 26 90 94 10 68 7 100 267
19 64 29 78 41 79 22 95 70 33 94 85 89 31 42 315
93 13 42 14 17 77 53 56 2 56 70 66 86 17 44 433
6 23 91 92 94 92 90 86 52 68 21 51 4 70 37 38
7 22 96 47 19 88 10 11 74 12 4 96 45 27 100 254
85 31 37 70 31 83 27 20 1 77 47 21 31 90 39 79
13 7 17 95 12 19 59 51 79 99 49 3 96 95 49 452
84 225 188 112 239 11 257 1 136 156 65 141 43 546 1220
