20 20
39 29 1 92 8 93 99 4 80 8 12 50 13 74 77 91 97 48 53 80 375
30 12 14 73 77 49 43 88 37 37 99 18 26 34 69 54 64 73 78 74 492
78 80 12 89 82 94 26 4 28 17 76 84 89 41 100 16 92 71 94 89 42
73 100 23 42 11 15 36 25 48 56 94 42 38 66 55 6 11 66 29 44 446
50 79 42 42 30 80 65 79 56 97 23 13 83 49 21 100 37 85 29 54 150
58 40 20 30 54 33 6 14 84 64 67 22 24 89 3 29 20 88 11 30 277
88 10 93 48 1 66 18 11 25 77 50 47 7 16 75 80 85 63 75 75 407
46 38 86 68 34 79 42 42 90 18 37 8 33 58 25 79 86 23 11 99 168
52 34 93 5 14 83 90 64 75 78 77 63 10 16 83 79 21 85 50 9 282
40 88 96 16 63 91 67 58 11 30 39 63 80 87 25 75 78 37 62 47 164
77 72 85 1 98 30 63 92 34 46 54 40 81 55 97 89 19 37 68 84 51
61 47 63 92 37 80 85 58 9 9 31 84 8 72 18 14 72 95 45 35 50
67 81 73 7 82 15 99 78 74 70 17 58 12 81 97 75 24 77 15 73 395
83 79 80 49 42 83 97 89 47 89 34 47 78 25 59 8 10 12 8 23 437
91 61 98 17 14 15 54 47 51 47 71 22 58 65 81 99 43 77 70 35 68
7 25 69 77 97 97 59 76 18 53 66 52 49 34 62 76 54 14 33 97 43
12 92 35 39 18 61 98 64 15 53 69 35 71 68 3 29 77 46 92 69 381
21 80 94 87 91 100 2 40 28 23 1 81 54 59 7 53 97 3 12 80 349
4 27 85 7 40 15 79 68 34 68 65 20 73 88 50 89 47 51 30 2 312
52 70 16 80 36 21 75 33 59 57 59 35 44 52 31 20 57 91 22 18 20
132 56 19 99 159 158 242 20 85 138 71 103 412 431 288 393 92 558 288 1165
