15 15
68 30 80 63 32 40 34 71 43 23 60 70 8 18 23 79
43 51 90 17 39 86 93 59 60 50 83 10 86 46 83 223
72 91 29 11 50 52 26 68 37 94 85 33 57 20 63 157
22 35 80 21 98 99 71 97 30 55 31 37 22 11 62 499
43 100 98 65 96 95 57 35 34 32 16 51 37 92 95 91
15 12 61 79 28 66 99 95 79 13 22 71 81 88 37 145
9 8 100 66 58 11 61 63 87 72 71 85 86 93 94 98
76 95 30 93 43 62 19 26 21 91 3 84 82 20 8 441
10 76 48 53 38 95 83 28 80 79 72 90 24 61 5 338
47 10 29 79 52 88 33 46 1 30 100 16 40 80 99 386
51 11 28 79 22 90 69 75 51 20 52 63 88 52 85 190
61 88 78 40 24 56 38 55 62 69 13 38 34 77 96 123
77 20 1 38 28 17 62 6 97 77 81 84 26 98 40 321
20 46 99 17 32 4 12 26 78 76 96 57 12 41 54 162
10 10 96 12 60 72 63 28 29 96 48 55 61 87 79 293
5 9 80 287 130 191 245 63 138 291 258 28 522 564 735
