15 15
49 95 95 24 31 39 19 68 67 35 43 7 79 34 84 91
94 84 17 70 34 83 92 20 75 23 95 62 8 82 95 156
18 63 18 28 82 49 87 56 2 82 8 89 92 69 69 53
48 48 84 88 94 38 91 53 98 97 100 92 8 28 23 373
42 77 64 42 96 94 60 16 20 66 48 84 20 73 98 70
44 53 42 26 59 51 71 24 27 34 66 2 77 96 5 351
21 17 85 88 80 69 13 62 41 54 69 27 34 38 12 401
67 32 66 99 46 78 32 32 39 97 94 99 5 99 99 442
61 80 22 56 12 1 24 1 44 84 87 63 74 74 62 14
31 36 86 48 28 17 6 97 95 98 45 17 44 52 63 173
78 45 6 39 64 22 75 8 80 58 83 78 100 55 39 231
38 36 81 45 66 88 50 40 16 51 37 39 4 43 76 125
59 41 80 31 26 43 4 44 85 55 1 42 89 54 41 151
76 14 50 60 72 97 77 13 52 66 43 36 1 15 48 456
38 35 63 26 83 3 31 80 11 44 56 79 69 26 89 478
146 78 108 34 114 129 64 191 35 342 448 100 66 671 1039
