20 20
51 97 71 19 24 59 65 15 14 25 81 4 3 63 55 38 89 20 29 55 226
28 29 25 67 61 97 97 54 71 74 81 3 87 87 9 91 43 38 89 4 127
9 73 49 87 57 56 19 30 76 51 77 41 55 90 73 53 89 18 32 11 449
24 27 20 19 24 55 8 91 72 35 99 1 71 43 86 4 28 10 96 70 39
16 46 99 44 30 83 52 73 27 83 21 34 73 9 39 10 34 58 91 5 389
28 47 40 34 58 88 73 95 91 14 66 82 7 83 76 35 17 98 10 11 375
80 71 63 33 63 51 74 26 76 50 33 62 86 40 54 100 94 63 37 33 217
67 22 65 9 84 31 23 85 46 95 59 3 48 93 9 58 3 59 80 71 198
96 100 78 57 41 96 26 98 75 98 45 65 82 70 48 82 33 49 21 64 231
72 72 28 90 39 77 53 18 33 53 74 94 50 90 86 73 90 100 94 20 155
30 2 45 81 81 5 55 3 57 83 99 18 91 6 89 61 99 34 74 58 60
72 30 23 23 79 44 100 11 69 79 44 81 17 52 94 14 83 100 64 11 25
32 14 64 64 1 45 42 17 96 12 53 99 46 77 78 31 83 54 22 55 242
73 95 40 24 82 57 38 28 19 27 9 81 5 17 96 94 65 57 51 70 104
9 4 19 92 82 67 75 88 60 47 97 44 98 48 84 70 100 77 63 60 218
51 7 29 35 2 72 82 16 64 35 44 40 86 9 82 94 25 31 89 25 422
69 58 48 62 43 77 70 80 25 41 86 14 19 38 100 79 98 5 27 89 86
79 49 95 92 22 84 23 47 21 70 77 99 74 44 31 80 53 20 50 18 480
39 12 67 31 41 33 28 79 75 80 89 75 86 43 40 3 55 23 71 21 151
73 55 40 69 47 12 87 69 71 86 12 29 73 26 72 15 99 51 3 27 400
57 93 214 13 42 193 93 113 263 46 27 353 179 403 12 138 275 415 635 1030
