20 20
75 7 57 91 14 92 1 93 84 72 86 48 60 15 80 35 89 82 25 40 188
6 22 77 29 85 44 5 39 46 8 9 11 18 86 11 92 78 90 73 28 220
84 84 44 48 91 18 14 42 87 64 4 65 56 56 30 97 71 46 39 9 431
8 15 79 62 91 68 26 90 76 70 47 20 100 49 92 6 98 83 16 98 26
95 70 78 51 38 65 41 11 67 60 50 57 98 44 7 15 35 10 61 93 275
23 93 20 7 25 75 62 58 39 100 93 8 99 33 92 96 39 68 22 45 315
25 6 30 30 96 59 16 57 88 70 3 3 82 56 77 56 51 49 26 1 370
81 19 50 88 3 43 10 37 98 65 86 11 90 13 47 90 13 22 50 98 412
25 89 67 32 96 61 84 37 26 66 85 100 96 13 98 19 31 45 30 52 358
13 78 89 83 44 94 83 89 26 62 20 34 83 8 61 71 30 81 69 76 306
77 83 93 74 58 21 74 74 8 33 9 41 53 84 95 14 71 19 19 7 228
23 3 55 52 25 65 8 89 28 57 29 9 62 37 22 54 35 4 83 75 95
67 26 91 18 12 44 24 81 47 96 96 88 23 8 66 19 4 19 47 91 254
73 24 24 51 89 5 42 88 74 5 34 10 34 1 17 74 96 68 64 18 275
64 2 79 52 17 23 10 38 39 18 50 45 43 86 95 72 61 13 94 62 392
44 55 43 54 60 33 70 34 12 80 3 10 20 53 86 62 99 61 70 70 32
37 29 30 91 9 13 91 39 68 64 6 98 67 65 25 71 51 38 80 92 101
13 74 21 2 88 35 75 52 24 51 6 80 16 26 83 45 6 53 49 98 210
83 75 33 38 82 23 91 37 4 49 96 78 99 11 66 17 64 37 24 9 147
18 17 31 51 36 69 73 62 32 16 62 76 18 81 79 30 30 33 51 69 454
16 12 53 67 157 46 170 227 225 56 338 399 215 383 95 389 77 434 155 1575
