15 15
46 88 39 16 17 84 38 66 19 81 83 62 59 79 97 237
16 15 70 36 80 85 50 13 60 90 83 14 76 27 6 96
18 24 63 81 92 3 5 42 51 71 57 41 29 93 10 449
43 67 99 4 30 4 36 70 83 66 36 45 83 100 41 12
50 98 4 75 29 62 11 61 73 99 29 29 6 73 29 499
45 17 55 71 89 47 18 62 35 30 19 48 71 87 84 105
85 34 20 67 15 89 6 14 65 40 100 12 12 51 16 261
62 81 57 59 30 28 55 82 28 27 95 67 62 46 41 294
48 92 28 35 42 45 89 79 43 99 79 10 58 93 41 119
83 100 4 84 10 93 93 77 73 69 65 71 22 46 32 309
53 55 40 51 30 52 78 28 71 26 36 63 63 74 47 485
51 44 85 67 9 29 26 32 19 80 14 27 87 75 84 375
5 85 5 79 31 8 51 92 31 71 45 81 99 80 2 190
61 34 62 55 69 12 73 15 11 68 76 48 33 39 94 364
1 29 65 83 28 17 58 36 16 57 81 33 99 68 43 358
239 86 126 111 138 67 213 145 217 421 248 433 363 230 1116
