15 15
74 39 14 51 90 87 91 5 14 53 57 59 38 64 45 196
49 72 30 18 98 12 39 74 56 8 64 10 70 10 53 220
13 6 44 98 50 95 30 35 9 29 31 12 13 92 75 291
75 66 88 8 59 51 61 3 34 22 12 23 71 29 34 350
19 5 17 16 11 62 5 29 31 55 37 49 82 85 95 438
8 99 92 64 83 67 13 45 38 75 51 7 38 69 61 174
15 92 31 28 2 3 65 39 70 54 17 25 90 74 59 302
30 17 80 84 54 29 34 41 53 75 5 59 59 43 11 145
41 77 11 95 58 44 77 24 22 38 39 65 63 50 64 401
80 39 79 72 18 71 26 5 95 28 74 30 49 88 4 197
93 58 71 44 48 39 57 19 22 66 76 9 65 40 2 322
1 12 90 69 22 94 96 34 30 95 17 50 61 81 68 171
47 19 11 52 11 48 51 56 69 10 90 3 38 11 23 270
2 47 42 63 29 7 56 86 96 66 82 59 49 67 39 144
3 95 73 50 1 15 93 29 65 97 98 81 94 44 30 464
190 147 161 147 261 281 209 174 283 37 328 381 465 127 894
