20 20
86 61 94 71 46 88 20 51 56 44 18 78 66 8 22 47 35 27 78 67 290
60 29 13 97 3 59 35 14 27 61 53 64 15 54 61 37 46 64 20 72 313
33 71 62 39 47 89 31 89 88 87 44 36 34 80 43 64 71 47 73 54 19
78 57 89 70 16 34 34 72 39 27 55 91 88 11 34 63 40 54 57 81 147
56 11 37 98 49 75 6 23 61 36 51 38 39 80 57 60 67 22 83 89 418
43 25 98 59 50 32 90 32 39 100 47 7 93 65 89 11 47 24 46 25 169
79 71 70 36 50 11 17 17 52 29 15 19 29 5 93 19 91 73 6 12 330
77 52 22 45 23 21 20 92 20 7 78 62 94 4 76 1 63 40 71 34 43
86 93 69 56 28 59 61 83 6 59 85 56 79 3 93 20 17 29 17 79 488
62 31 4 83 11 8 98 45 66 55 73 100 51 48 78 90 70 98 91 27 68
26 86 18 75 8 93 93 59 57 40 47 88 90 86 82 47 71 98 48 78 256
29 84 89 72 62 97 31 72 14 57 93 7 51 94 69 49 94 2 74 35 314
2 33 100 55 63 34 74 5 85 6 94 90 59 70 37 99 99 88 1 14 312
58 55 65 78 91 22 17 59 3 30 85 12 95 52 47 58 72 58 65 91 410
37 96 55 68 14 77 18 10 17 63 19 77 23 98 51 45 18 66 32 39 447
44 95 19 91 47 94 66 13 3 66 5 92 11 37 13 10 80 65 90 50 297
26 94 2 75 48 10 25 7 74 62 16 13 45 86 12 6 11 97 52 42 490
40 21 87 20 35 74 76 93 52 6 79 32 11 53 65 73 83 93 87 95 120
62 61 90 64 43 2 95 47 91 75 10 60 24 19 54 88 20 82 27 55 233
59 49 1 61 16 39 56 66 20 52 29 11 78 75 40 38 97 18 24 28 475
241 242 110 213 211 56 61 91 361 355 257 334 235 81 161 328 562 19 676 1045
