15 15
33 31 17 83 44 25 51 9 45 40 15 44 59 41 82 321
12 44 40 68 46 32 98 51 41 13 43 75 68 10 28 429
68 60 2 90 93 48 98 23 18 62 10 88 22 30 3 335
26 30 58 23 29 70 50 35 43 68 42 42 5 14 81 82
1 13 90 70 92 32 17 39 45 100 80 11 23 91 34 344
68 96 38 58 93 38 83 72 88 27 92 87 19 26 9 418
79 27 65 69 28 2 49 59 65 39 42 57 47 78 38 409
69 45 25 25 91 60 53 51 72 5 9 100 83 47 49 188
46 29 84 13 95 42 91 38 29 15 86 27 13 6 94 153
14 78 88 85 94 36 17 25 55 3 25 12 84 62 14 354
69 68 8 66 5 42 77 43 14 4 11 48 15 38 73 143
52 95 44 1 67 52 59 54 33 72 34 28 79 70 28 260
60 20 59 98 43 9 26 38 16 14 6 1 10 57 12 176
41 22 71 15 5 13 43 77 17 4 48 82 59 96 36 336
4 36 53 34 6 34 55 47 65 72 54 65 55 64 91 250
94 42 121 125 259 282 143 188 67 273 142 209 712 128 1413
