15 15
65 13 100 44 53 6 28 92 92 19 24 52 16 65 36 203
41 7 56 61 31 29 24 14 50 41 30 62 89 64 73 197
61 35 2 34 9 12 74 24 46 53 7 19 41 11 12 384
53 68 97 35 3 16 80 19 73 89 77 48 71 23 86 165
14 15 52 82 59 39 41 78 9 12 2 53 42 31 78 349
24 64 78 17 91 98 7 27 26 2 61 91 89 91 60 72
59 56 52 9 83 84 53 58 66 35 100 6 30 63 96 438
64 11 100 37 79 90 13 61 36 68 77 42 57 44 83 103
76 62 75 21 95 50 25 74 48 15 57 71 87 5 52 235
19 43 25 49 66 41 70 80 92 84 26 39 54 39 87 39
25 31 85 65 40 9 71 54 21 48 43 70 87 5 13 281
76 2 96 16 66 19 81 98 55 48 51 59 17 92 88 268
24 56 65 60 49 75 25 71 27 5 79 28 12 92 5 121
42 68 98 74 85 42 10 31 59 14 29 67 39 42 20 417
38 62 69 63 14 25 41 53 22 14 55 75 6 70 42 98
89 42 46 193 177 132 254 217 39 95 343 188 131 43 1381
