15 15
35 60 32 1 68 34 77 92 43 30 27 23 79 13 38 307
29 34 63 95 76 69 41 80 63 36 16 1 47 84 19 150
83 21 27 44 8 20 83 81 29 32 47 89 2 49 67 293
11 47 61 96 9 56 22 89 19 12 67 62 52 34 18 500
83 76 92 33 47 96 41 93 37 9 71 39 48 3 99 264
94 49 91 62 21 26 94 97 53 27 76 58 96 69 25 299
51 54 57 36 38 30 12 82 51 2 39 33 63 39 55 64
93 12 85 81 7 87 22 15 13 2 86 3 54 71 44 103
5 67 90 95 4 53 42 17 90 54 92 21 93 82 10 29
71 33 63 36 33 95 10 49 24 66 62 68 7 64 95 330
61 52 73 6 46 42 86 90 68 49 91 24 18 28 42 213
80 77 54 31 23 15 100 93 73 79 95 38 96 86 48 437
64 17 59 91 41 58 4 66 12 67 88 2 47 28 94 324
22 71 60 44 23 91 45 86 34 80 74 62 2 18 98 294
99 31 19 90 15 94 45 57 24 38 75 72 91 100 37 119
83 122 174 148 24 186 156 160 336 256 110 135 362 236 1238
