15 15
13 49 47 81 8 38 50 7 54 61 72 52 2 67 36 83
92 70 29 22 37 92 75 11 21 61 79 41 29 94 58 463
21 33 76 41 3 63 31 11 27 84 79 17 61 83 51 446
78 63 17 90 94 67 58 5 71 98 45 67 82 77 88 166
62 74 67 13 13 87 77 44 67 25 90 16 91 50 22 119
40 6 6 1 56 91 74 77 15 26 61 56 95 22 44 285
60 56 50 100 45 65 7 73 15 4 97 3 79 65 94 287
11 34 27 2 4 68 62 62 44 65 34 59 66 75 23 433
50 26 20 100 72 36 37 56 82 74 14 61 51 15 68 469
96 56 9 1 4 20 17 57 61 73 90 75 57 60 82 200
64 15 8 95 42 7 68 68 85 62 45 35 94 53 95 347
74 31 78 3 45 75 80 13 70 71 11 30 24 100 80 179
71 12 31 4 1 66 20 66 85 35 51 73 82 83 25 156
70 55 75 44 31 22 99 67 24 67 57 47 13 16 53 179
43 97 32 4 9 18 63 1 81 58 82 41 82 11 77 84
130 167 200 242 158 152 138 22 342 6 225 241 131 711 1031
