15 15
82 74 36 31 84 67 19 89 39 41 7 90 28 32 43 395
41 11 26 46 98 24 34 35 95 92 7 62 97 10 5 390
5 95 48 17 27 73 7 36 44 7 25 73 7 26 42 207
47 96 40 40 8 1 81 28 66 16 80 45 73 89 48 68
13 19 87 48 24 90 29 50 83 79 38 11 80 94 80 53
73 14 38 53 15 35 70 36 60 90 82 90 47 72 92 285
51 60 20 17 85 55 86 31 41 18 72 76 56 81 15 351
11 56 21 83 58 88 83 4 36 42 96 39 27 52 6 156
50 2 93 19 10 59 23 11 57 85 80 46 71 18 33 266
15 5 60 33 64 40 91 85 4 7 13 88 66 57 22 352
19 96 82 1 55 45 44 91 74 25 17 38 85 9 67 127
80 27 64 59 15 3 27 57 97 60 79 5 82 67 87 186
54 71 54 17 65 49 21 82 54 28 76 46 61 11 70 152
87 12 97 85 82 72 76 73 54 65 56 58 83 87 91 195
62 75 60 79 66 67 37 79 12 58 12 66 82 66 15 307
90 142 146 158 191 271 33 242 225 158 9 429 174 368 854
