20 20
13 55 52 39 9 64 94 67 1 86 92 97 83 80 16 91 41 41 7 27 499
48 21 59 45 35 83 84 31 76 57 57 24 76 19 86 23 32 73 94 19 113
79 84 34 13 5 61 88 48 92 31 97 96 67 87 5 10 39 26 80 99 497
66 54 29 66 7 49 45 16 95 77 71 12 99 92 95 27 58 84 9 48 33
34 53 9 75 18 45 40 90 94 64 56 83 25 21 46 74 50 53 91 3 110
99 18 36 91 34 2 94 19 39 27 58 51 100 64 2 68 17 22 83 63 312
60 25 55 10 81 83 89 77 95 99 45 85 58 51 12 7 84 55 51 21 239
87 87 93 29 34 57 6 32 82 14 31 56 14 23 76 92 58 78 82 61 374
30 21 9 98 95 91 5 16 17 20 44 99 49 74 76 65 21 80 95 34 448
89 24 32 6 73 27 18 56 52 59 94 34 66 82 5 37 51 48 82 5 261
55 73 91 37 3 4 32 97 79 79 76 56 33 85 68 25 6 74 32 95 297
24 16 56 25 38 10 62 63 21 65 17 10 74 37 45 87 83 10 68 36 18
30 38 74 9 26 80 16 54 6 14 63 38 73 85 59 41 50 19 4 28 164
36 75 36 59 44 69 31 55 41 56 44 99 79 39 25 72 93 75 67 35 68
26 48 13 18 93 27 60 33 15 20 89 55 37 37 55 11 64 48 83 27 285
8 3 56 26 7 77 99 32 40 29 13 65 28 53 28 85 58 95 44 32 341
80 54 50 43 64 55 63 80 34 97 27 84 84 69 15 1 96 75 58 57 370
100 90 7 34 59 16 12 37 5 98 10 99 52 83 89 25 20 78 58 3 52
73 31 61 59 78 33 83 70 94 30 43 90 16 86 60 37 74 2 3 18 278
16 61 50 98 83 7 25 60 89 15 94 44 70 70 45 60 47 19 68 36 322
155 69 169 170 261 24 115 106 124 311 91 140 201 54 494 99 90 172 819 1417
