20 20
10 48 33 38 43 9 42 6 43 6 91 73 69 80 90 89 33 40 80 47 18
45 75 53 52 56 58 48 29 99 66 16 83 67 36 72 58 41 43 77 34 497
62 15 77 91 69 54 4 69 19 29 11 14 53 49 78 45 79 40 24 93 68
3 62 16 81 56 19 52 89 48 83 63 68 17 61 35 99 80 30 78 96 256
57 85 59 16 26 25 86 76 66 38 55 25 18 97 57 22 18 43 74 50 110
35 59 67 41 78 27 7 82 17 2 98 82 77 94 5 10 69 7 34 29 129
71 76 46 97 58 25 22 70 30 35 29 8 25 94 97 33 44 56 89 89 117
30 64 82 95 22 49 89 15 54 66 13 14 43 89 32 12 33 63 28 36 197
68 11 32 48 31 45 49 8 3 21 26 17 49 56 67 80 77 41 60 59 390
7 58 70 70 83 96 100 84 2 57 27 8 30 3 1 11 2 87 65 42 191
97 31 4 75 14 32 98 24 67 19 12 32 71 18 2 6 15 49 60 21 199
68 40 45 38 11 56 23 37 82 8 13 16 55 6 15 93 76 39 78 36 155
34 40 24 52 77 32 77 3 76 5 48 32 43 84 59 23 25 30 49 70 250
73 84 28 23 32 65 83 25 55 36 93 46 19 12 4 88 66 53 38 41 44
82 14 61 64 71 96 20 58 31 66 37 48 57 78 65 68 98 85 21 87 268
95 23 51 82 87 82 61 68 81 72 36 14 67 52 51 2 37 50 67 58 45
28 18 78 72 49 85 9 84 75 90 49 9 46 22 54 41 77 84 100 93 57
84 96 43 40 32 82 9 32 76 97 37 93 91 2 51 41 59 50 57 85 493
54 94 66 46 49 10 90 20 80 8 58 15 34 77 25 78 62 69 65 82 123
9 9 99 28 19 6 47 56 87 36 53 47 48 64 59 34 97 46 38 96 455
13 151 7 103 153 149 135 67 123 229 105 215 113 38 86 411 174 594 117 1079
