20 20
99 55 21 96 79 88 89 26 10 40 96 38 56 4 83 47 14 23 86 84 10
71 50 1 27 61 34 43 93 76 66 37 22 52 89 5 48 59 74 49 64 482
12 33 75 25 2 64 54 4 1 27 22 6 38 84 71 7 65 76 97 53 479
76 55 69 8 45 84 51 34 87 77 90 100 60 68 6 39 39 22 62 55 63
57 36 86 73 46 69 8 50 34 80 82 37 8 27 92 92 68 49 91 69 272
63 25 74 99 60 2 16 36 9 81 30 73 21 24 2 8 71 94 5 26 323
72 20 93 46 38 28 36 31 50 92 76 56 14 85 4 16 25 78 80 79 225
20 61 12 79 11 83 13 75 58 29 99 25 53 81 50 62 65 6 55 55 16
32 74 54 41 46 54 84 67 44 84 62 42 26 4 70 7 23 92 47 7 195
16 2 65 55 75 39 69 17 73 30 65 44 87 41 1 28 95 79 8 16 14
73 62 40 32 80 8 51 68 24 62 85 27 78 38 49 3 68 15 57 24 38
62 62 3 11 38 9 11 58 60 97 30 44 66 44 82 86 49 74 82 25 361
97 47 83 55 14 50 77 52 93 85 18 77 99 70 38 98 82 46 77 30 85
54 12 17 9 52 82 100 87 57 65 80 75 32 88 59 59 50 96 54 80 154
2 37 82 46 17 92 76 18 54 73 14 38 30 5 39 8 45 14 56 10 88
14 32 10 24 53 86 6 97 80 16 22 13 8 78 99 60 59 44 78 71 178
27 55 74 49 88 64 46 60 54 64 43 55 3 57 94 21 42 39 20 38 372
96 59 79 58 26 33 74 41 60 89 35 60 64 89 88 95 68 57 78 30 483
10 32 90 55 84 27 42 19 89 87 23 4 40 53 17 99 86 94 21 57 292
29 52 91 100 73 60 81 97 80 71 67 24 94 98 82 100 31 59 51 51 259
180 131 35 15 122 22 263 177 68 258 123 30 317 225 50 93 20 255 147 1858
