20 20
97 81 71 91 44 63 69 79 16 61 63 68 69 78 40 85 54 86 83 76 240
37 37 57 82 56 54 61 80 90 52 90 92 54 88 9 95 51 11 85 100 242
68 13 54 57 44 62 33 42 19 58 11 16 19 5 16 79 95 61 79 77 281
73 87 23 44 36 40 46 97 59 40 1 88 50 93 44 39 35 62 61 8 41
94 13 1 11 16 9 98 59 35 64 26 91 100 4 36 35 12 54 69 5 465
97 41 76 53 12 25 86 69 18 25 56 17 75 36 86 51 60 98 5 4 118
46 4 26 15 53 92 66 96 100 58 21 31 76 50 40 36 27 27 82 32 139
49 37 32 93 68 52 42 34 48 62 48 49 84 3 26 68 76 81 85 87 111
98 65 66 7 96 4 88 83 44 44 48 2 36 2 56 35 60 19 100 78 11
98 78 27 78 53 94 86 20 3 41 32 9 67 1 98 97 21 44 77 16 482
93 50 79 96 91 5 15 91 33 76 27 68 12 27 32 69 79 29 42 99 338
80 20 9 66 80 64 17 76 100 49 99 82 34 80 21 90 44 36 17 25 463
13 73 41 23 70 79 11 93 67 49 57 43 74 81 65 70 59 76 88 13 250
10 18 90 54 25 60 24 23 2 48 99 13 77 28 62 61 32 46 43 23 383
56 59 80 82 51 61 85 95 7 48 47 25 4 100 83 90 61 99 27 71 382
39 19 37 93 93 12 49 21 35 74 89 30 69 19 20 63 85 63 64 53 333
43 61 57 18 11 61 83 83 98 44 3 53 99 37 47 1 23 71 39 62 37
16 65 12 21 75 94 44 14 6 10 77 22 76 28 99 69 64 83 36 63 349
100 53 26 74 66 12 45 34 43 81 87 86 40 10 72 54 67 58 45 66 245
65 30 99 6 60 80 25 79 55 7 82 98 42 77 75 97 41 61 41 21 286
173 41 203 117 58 281 24 98 168 74 211 55 421 200 89 418 176 332 1 2056
