15 15
32 38 40 3 43 94 57 24 73 9 22 38 9 67 60 371
6 72 1 47 3 15 36 48 72 7 47 47 43 38 21 28
57 85 55 38 95 60 34 95 20 26 83 25 9 82 63 391
90 70 52 35 64 63 22 70 74 3 4 16 78 81 48 416
85 88 70 32 20 9 75 40 40 84 51 55 14 33 50 98
87 31 95 70 37 39 16 57 79 48 20 24 46 97 65 232
5 67 34 34 69 84 57 57 75 19 8 61 71 85 39 499
69 40 18 82 42 61 3 70 65 19 33 7 80 1 83 121
25 4 6 26 59 39 100 39 5 50 5 32 90 66 71 208
35 15 28 15 66 13 82 63 8 25 23 78 5 82 54 432
45 47 90 71 27 26 54 95 16 37 17 87 9 40 15 190
86 66 66 37 34 3 33 37 85 9 89 56 77 35 32 84
65 31 18 27 13 36 82 89 47 27 64 30 16 90 82 166
35 40 32 3 21 10 34 88 74 74 27 72 57 28 8 384
87 50 11 3 29 4 93 52 81 60 99 98 47 60 76 354
248 118 98 25 273 56 307 207 306 156 130 205 308 98 1439
